world: spawn
x: 14.578581741472805
y: 89.5
z: -1331.6510313740855
yaw: 0.12535831
pitch: -31.649994
name: A
