world: spawn
x: 14.422557738497668
y: 90.0
z: -1319.2748869744275
yaw: -0.17480469
pitch: -4.500024
name: A
