world: spawn
x: 0.5029888546194631
y: 37.0
z: -6.529865736696344
yaw: -180.15056
pitch: 1.6499914
name: A
