world: spawn
x: 12.655359754763111
y: 124.68987345473474
z: -244.4530058151411
yaw: -269.67242
pitch: -4.950004
name: Adept
