world: spawn
x: 137.80329809187333
y: 71.0
z: -1237.5532746702463
yaw: -90.1687
pitch: -9.899939
name: adept
