world: spawn
x: 12.597405090928078
y: 124.05637243859114
z: -244.51057519577444
yaw: -270.2
pitch: -7.050001
name: adept
