world: mines
x: 73.56585720329097
y: 65.11802611088832
z: 4.864759629149441
yaw: 179.8529
pitch: 0.14998917
name: animalfarm
