world: spawn
x: 119.22786297888518
y: 106.0
z: -1417.2244864564482
yaw: -180.02556
pitch: 10.500039
name: AnimalFarm
