world: mines
x: 73.39103885718404
y: 57.99910928064936
z: -10.67189599824031
yaw: 0.002065441
pitch: -9.300027
name: animalfarm
