world: spawn
x: -164.4429140609131
y: 49.0
z: -1274.4892463663352
yaw: 90.28159
pitch: -8.700005
name: Aquarium
