world: spawn
x: 0.5077460863498899
y: 55.0
z: 9.506384562664344
yaw: -179.24841
pitch: -4.050001
name: B
