world: spawn
x: -18.919816505356902
y: 91.0
z: -1330.5068389292
yaw: -270.32077
pitch: 0.45000222
name: B
