world: spawn
x: 43.61575993129112
y: 83.0
z: -1083.3705117699762
yaw: 315.87695
pitch: -2.9999971
name: Badass
