world: spawn
x: 56.61659567336501
y: 86.0
z: -1073.4537034824143
yaw: 269.5268
pitch: -25.499992
name: Badass
