world: spawn
x: 71.83180124558251
y: 164.0
z: -1298.563793549215
yaw: 89.67694
pitch: -11.249939
name: blackermarket
