world: spawn
x: 25.39426139583173
y: 7.5754199666015625
z: -244.5098501261013
yaw: -269.25174
pitch: 11.849963
name: Blackmarket
