world: spawn
x: 12.406744052240928
y: 248.0
z: -244.51268397168042
yaw: 89.50186
pitch: -10.231392
name: BlackerMarket
