world: spawn
x: -12.5
y: 105.0
z: -1286.5
yaw: 161.67712
pitch: 3.4500144
name: Blacksmith
