world: spawn
x: 209.4372424231961
y: 98.0625
z: -1381.9907111326702
yaw: 180.27621
pitch: -5.850285
name: blackmarket
