world: mines
x: -10.507294370990511
y: 66.0
z: 7.5503821932463
yaw: -179.84683
pitch: 19.349987
name: C
