world: spawn
x: -32.73440097254936
y: 90.0
z: -1361.2397705936303
yaw: 89.82892
pitch: 16.200018
name: C
