world: mines
x: -10.5
y: 63.0
z: -2.5
yaw: -179.54744
pitch: 3.9000115
name: C
