world: spawn
x: -18.882437665729825
y: 81.0
z: -1337.536568759653
yaw: -269.8703
pitch: 0.7500399
name: Cactus
