world: spawn
x: 113.49275210752309
y: 63.5
z: -1245.672494983873
yaw: -0.17042609
pitch: 1.4999627
name: canefarm
