world: mines
x: 736.6505725568379
y: 68.0
z: 2.065471184241325
yaw: -180.29916
pitch: -0.45001078
name: ClayMine
