world: spawn
x: 82.44699148852233
y: 111.5
z: -1421.0569202786992
yaw: 179.8281
pitch: -8.700017
name: claymine
