world: world_creative
x: -104.4091511572098
y: 66.5
z: -174.463992311024
yaw: -359.5448
pitch: -28.499994
name: creative
