world: world_creative
x: 0.6372243236824549
y: 65.0
z: 0.0031016653520055115
yaw: -0.29999998
pitch: -1.35
name: Creative
