world: world_creative
x: -34.4874389999909
y: 65.0
z: -242.5600132140246
yaw: 0.29910755
pitch: -1.800005
name: creative
