world: mines
x: 714.5008805705002
y: 66.79140344585903
z: 3.634366320339276
yaw: 180.00746
pitch: -0.450004
name: D
