world: spawn
x: -29.362059040916407
y: 91.0
z: -1393.422605681804
yaw: 90.42926
pitch: -11.100011
name: D
