world: spawn
x: 14.559061894180735
y: 84.0
z: -1056.0504653338405
yaw: 359.82684
pitch: 5.849999
name: Demon
