world: parkour
x: -47.01627652433245
y: 86.0
z: 46.78821800552726
yaw: -181.40762
pitch: 3.4992218
name: Desert_Parkour
