world: hub
x: 19.13825761056328
y: 69.0
z: 0.4754700679983016
yaw: -89.999985
pitch: -21.299984
name: Donate
