world: spawn
x: 14.583508862895082
y: 81.0
z: -1222.4867416252969
yaw: -0.022047956
pitch: 1.8138511
name: Donate
