world: hub
x: 19.5
y: 69.0
z: 0.5
yaw: -89.999985
pitch: -21.299984
name: donations
