world: spawn
x: -89.50273111464632
y: 108.0
z: -1325.0906199320884
yaw: -179.12173
pitch: 2.5499077
name: donor
