world: parkour
x: -29.69999998807907
y: 84.0
z: -49.395723901143164
yaw: 271.34534
pitch: 15.449966
name: Doors
