world: mines
x: 45.475965161347595
y: 63.0
z: -3.145733826154242
yaw: 179.70251
pitch: 1.799999
name: E
