world: spawn
x: 14.365612706372282
y: 91.0
z: -1408.6541533472152
yaw: 180.72968
pitch: 1.49999
name: E
