world: spawn
x: 13.196089196911368
y: 140.5
z: -244.5026128858653
yaw: -270.4989
pitch: -1.7999934
name: Expert
