world: spawn
x: 22.14450071820759
y: 140.5
z: -244.5085168711238
yaw: 89.95074
pitch: -3.449956
name: Expert
