world: spawn
x: -110.48710844101912
y: 70.0
z: -1237.5233311856225
yaw: -89.71848
pitch: 0.60003984
name: expert
