world: spawn
x: 51.87892496025714
y: 91.0
z: -1393.5182413755992
yaw: 270.13092
pitch: 1.3499953
name: F
