world: mines
x: 101.5
y: 63.0
z: -19.5
yaw: 0.45264733
pitch: 3.4499946
name: F
