world: spawn
x: 88.41858051060474
y: 110.0
z: -1357.9375696811683
yaw: 180.57831
pitch: 2.4000678
name: farmtown
