world: spawn
x: 12.484472270585501
y: 152.0
z: -233.86562028456854
yaw: 179.64941
pitch: 10.650003
name: FarmTown
