world: spawn
x: -50.36262036067949
y: 98.0
z: -1295.5451255763624
yaw: -90.02361
pitch: 0.75000095
name: fishinghole
