world: mines
x: 26.5
y: 63.505154647077276
z: -10.5
yaw: -269.99728
pitch: -3.149973
name: fishinghole
