world: spawn
x: -49.45452683939958
y: 157.7390130899575
z: -1381.5311943867084
yaw: -89.87273
pitch: 4.199799
name: flowerbox
