world: spawn
x: 1.51556973663749
y: 115.0
z: -747.4746239664784
yaw: -90.64682
pitch: 13.3499975
name: FlowerBox
