world: spawn
x: -45.93050835004279
y: 155.0
z: -1381.7601382856412
yaw: -89.572754
pitch: -0.15020026
name: flowerbox
