world: free
x: -299.5
y: 74.0
z: -154.5
yaw: -180.44954
pitch: 4.350003
name: freemine
