world: free
x: -297.29627355929534
y: 137.0
z: -153.6645023921236
yaw: 359.85046
pitch: 10.199988
name: Free
