world: free
x: -299.3101663675349
y: 74.0
z: -154.90842940572293
yaw: -1.0495579
pitch: -2.55
name: freemine
