world: free
x: -299.5
y: 138.7398927845218
z: -153.5
yaw: -180.14954
pitch: 36.150017
name: Free
