world: free
x: -299.3756281634064
y: 138.0
z: -153.06671382265648
yaw: -180.74953
pitch: -4.6499953
name: free
