world: spawn
x: 0.4975195465813158
y: 101.62639163255315
z: -10.060860544739182
yaw: 2.2500002
pitch: 11.700002
name: Fresh
