world: spawn
x: -23.010644797459634
y: 78.0
z: -1237.3773036856269
yaw: 89.97741
pitch: -2.9673264
name: fresh
