world: spawn
x: -71.43155520470808
y: 82.0
z: -1163.9225489167607
yaw: 0.5770036
pitch: -1.4999559
name: fresh
