world: mines
x: 692.5125979935605
y: 80.0
z: 1.642417855182839
yaw: -180.14517
pitch: 0.4500102
name: G
