world: spawn
x: 69.629961496275
y: 91.0
z: -1361.5736014497008
yaw: 269.8286
pitch: 0.749997
name: g
