world: spawn
x: 61.15368740494658
y: 91.0
z: -1361.5329461550061
yaw: 270.12875
pitch: -4.8339366E-6
name: G
