world: spawn
x: 43.527277913369396
y: 113.91480937918199
z: -828.8326844096213
yaw: -359.89017
pitch: -1.6499463
name: Greenhouse2
