world: spawn
x: -136.49433746644414
y: 148.3480468235001
z: -1323.4968917341353
yaw: 180.57591
pitch: 7.200007
name: GreenHouse
