world: spawn
x: 13.55789065025576
y: 114.63194355794478
z: -782.3000000119209
yaw: 179.47423
pitch: -3.600005
name: Greenhouse
