world: spawn
x: 79.47643091423696
y: 144.73901678930446
z: -1149.3018289605154
yaw: 0.27763793
pitch: 3.2999728
name: GreenHouse2
