world: world
x: 131.46947711148636
y: 72.0
z: 202.49921120614152
yaw: -180.00023
pitch: -11.250011
name: GriefPrevention
