world: mines
x: 137.5
y: 63.0
z: -10.5
yaw: 90.752495
pitch: -0.59998316
name: H
