world: spawn
x: 54.215220017462016
y: 91.0
z: -1330.368253513697
yaw: -90.49103
pitch: -1.3500036
name: H
