world: spawn
x: 12.4994926773943
y: 60.08740077883064
z: -231.7432996916166
yaw: -180.15144
pitch: -3.449991
name: hellbox
