world: hell
x: 38.31256475863838
y: 36.0
z: -43.587169004720536
yaw: 269.84982
pitch: 4.1999974
name: Hell
