world: hell
x: 1132.300000011921
y: 36.0
z: 160.46677296465526
yaw: -237.7909
pitch: 45.741142
name: Hellnew
