world: spawn
x: 1000.5378792093317
y: 79.0
z: -1273.5547813050132
yaw: 359.69864
pitch: -5.250004
name: hub
