world: hub
x: 0.502899163465848
y: 75.84008622283741
z: 0.5151179530654328
yaw: 89.399956
pitch: -7.2000046
name: hub
