world: hub
x: 0.5210979585284382
y: 72.48702464715869
z: 0.4990121855732458
yaw: 89.99997
pitch: -10.199992
name: Hub
