world: spawn
x: 1000.5116453170582
y: 117.0
z: -1248.2350459345469
yaw: 359.84857
pitch: -12.000007
name: Hub
