world: spawn
x: 182.42937026728939
y: 77.0
z: -1204.4731758463276
yaw: -90.74594
pitch: 5.8082166
name: I
