world: mines
x: 168.7325544563637
y: 64.0
z: -10.421066884486024
yaw: -269.0972
pitch: 4.9500093
name: I
