world: parkour
x: -33.850411878467916
y: 84.0
z: 12.02007692345331
yaw: 90.46866
pitch: 2.500889
name: Ice_Cold
