world: spawn
x: -110.57287335205442
y: 43.0
z: -1273.0086245390755
yaw: -179.86615
pitch: -0.60007465
name: IceMine
