world: spawn
x: -110.5
y: 43.0
z: -1273.5
yaw: -179.41615
pitch: -0.60007465
name: IceMine
