world: parkour
x: 46.39093108162487
y: 85.0
z: -43.20609482698377
yaw: -270.2705
pitch: 6.2571616
name: Invisible2
