world: parkour
x: -28.66266979960822
y: 84.0
z: -41.5481337558626
yaw: 270.15427
pitch: -0.39832738
name: Invisible1
