world: spawn
x: 137.50536395080363
y: 77.0
z: -1175.266002991103
yaw: -0.7485962
pitch: 10.1343355
name: J
