world: mines
x: 669.4305989780479
y: 68.0
z: 6.775652611545327
yaw: -180.14722
pitch: 1.3499669
name: J
