world: spawn
x: 48.17083958897727
y: 75.0
z: -244.4900964438076
yaw: 269.93152
pitch: 8.470373
name: Jail
