world: mines
x: 768.203780030985
y: 65.0
z: -10.459540982572738
yaw: 90.900635
pitch: -33.449997
name: Junkyard
