world: spawn
x: 249.7286613881894
y: 107.01935651662366
z: -1273.5552751097023
yaw: 270.4412
pitch: -29.10001
name: Junkyard
