world: spawn
x: 85.85290672264749
y: 77.0
z: -1204.5878230649566
yaw: -270.71243
pitch: 25.628767
name: k
