world: mines
x: 208.90277353641974
y: 63.000000004768374
z: -23.356539950446198
yaw: -25.947504
pitch: -4.199987
name: K
