world: spawn
x: 78.36578530574921
y: 73.0
z: -1237.3552550906468
yaw: -90.0553
pitch: 5.142666
name: L
