world: mines
x: 237.85272214813457
y: 62.0
z: -20.65897855552516
yaw: -28.64502
pitch: 0.15003052
name: L
