world: spawn
x: 76.392692057711
y: 92.0
z: -1183.1100644666124
yaw: -0.17198846
pitch: -0.45001927
name: Library
