world: spawn
x: 26.5
y: 34.5
z: -6.5
yaw: 90.75285
pitch: -3.450028
name: Library
