world: spawn
x: 97.55847860016628
y: 72.0
z: -1269.3503615102186
yaw: -269.60413
pitch: 9.135995
name: M
