world: mines
x: 269.60831990183476
y: 63.0
z: -16.41897267705389
yaw: 0.15261206
pitch: -0.5999815
name: M
