world: spawn
x: 0.5
y: 102.0
z: -11.5
yaw: -359.85046
pitch: 1.3500036
name: Mines
