world: mines
x: 304.5
y: 73.0
z: -10.5
yaw: 90.00265
pitch: 0.45001796
name: N
