world: spawn
x: 137.49608318621074
y: 77.0
z: -1293.43555229854
yaw: -179.81482
pitch: 5.1426706
name: N
