world: parkour
x: -59.72269171868348
y: 83.0
z: 5.083135579497936
yaw: -91.23813
pitch: -5.3899417
name: Nether1
