world: spawn
x: 23.475047282609655
y: 114.0
z: -244.51644775377437
yaw: 90.59884
pitch: 19.200071
name: Novice
