world: spawn
x: 14.48582155710858
y: 90.0
z: -1361.5877051746938
yaw: 359.9788
pitch: -6.299999
name: Novice
