world: spawn
x: 181.3373679559673
y: 77.0
z: -1270.6384744293691
yaw: -87.90686
pitch: 0.8165924
name: O
