world: mines
x: 316.5519331376376
y: 63.0
z: -10.5833207936047
yaw: -89.69736
pitch: 0.60002
name: O
