world: spawn
x: 76.36271438597036
y: 102.0
z: -1306.5378962735376
yaw: 90.426765
pitch: -7.6499877
name: Orchard
