world: spawn
x: -29.40833213635374
y: 83.5
z: -1071.5055747301303
yaw: 89.67682
pitch: 14.700015
name: Overlord
