world: mines
x: 346.10696142648897
y: 63.0
z: -3.03853754161059
yaw: -134.24753
pitch: 1.9500026
name: P
