world: spawn
x: 191.1634564912833
y: 77.0
z: -1243.5264577144098
yaw: -44.49048
pitch: 10.7997875
name: P
