world: parkour
x: -33.023750371859286
y: 80.0
z: -31.602117011552586
yaw: 179.30698
pitch: 2.9294162
name: Parkour2
