world: parkour
x: -28.185169011095457
y: 83.0
z: -32.800404154791835
yaw: 274.81305
pitch: -14.374815
name: Parkour1
