world: parkour
x: -33.035220380336575
y: 86.0
z: -27.985510505065292
yaw: 0.33546114
pitch: 4.8405657
name: Parkour3
