world: parkour
x: -0.582132048436826
y: 80.0
z: 0.6343212260769322
yaw: 359.62177
pitch: -16.800007
name: Parkour
