world: parkour
x: 1000.5
y: 72.0
z: 0.5
yaw: -90.183525
pitch: -31.499996
name: parkour
