world: spawn
x: 0.5896609816298175
y: 68.0
z: -1.2837919432805516
yaw: -359.39978
pitch: 0.74994534
name: PetStore
