world: spawn
x: 247.238024730447
y: 111.0
z: -1214.511981627089
yaw: -88.97284
pitch: 4.3499737
name: petshop
