world: spawn
x: 248.92872242025396
y: 111.0625
z: -1214.4695007008004
yaw: 269.8589
pitch: 1.5623816
name: petstore
