world: spawn
x: 11.676313915380087
y: 1.0
z: -3002.6523428678684
yaw: -93.53144
pitch: 48.0705
name: PixelArt
