world: spawn
x: -114.52363949044639
y: 1.0
z: -3040.6808902694743
yaw: -269.03174
pitch: -13.579487
name: pixelart
