world: spawn
x: -90.93466353095914
y: 106.5
z: -1129.4907667339494
yaw: -270.01892
pitch: -7.1999927
name: Playershops
