world: spawn
x: 29.31909029950443
y: 43.270896996807615
z: -1999.57976992034
yaw: 89.658455
pitch: -6.450032
name: playershops
