world: spawn
x: -65.89269019662575
y: 109.0
z: -1129.4404794476184
yaw: 89.83103
pitch: -4.349993
name: playershops
