world: plotworld
x: 10.083871138898562
y: 69.0
z: 8.393461449963848
yaw: 89.835464
pitch: -2.4001231
name: plots
