world: plotworld
x: 6.5
y: 67.0
z: 8.5
yaw: -269.26437
pitch: -13.950125
name: plots
