world: plotworld
x: 6.772043890545026
y: 67.0
z: 8.49847273535389
yaw: -270.01434
pitch: 22.799877
name: Plots
