world: plotworld
x: 0.4960754689838935
y: 65.0
z: -3.2117416272111874
yaw: -359.5645
pitch: 10.949877
name: Plots
