world: spawn
x: -26.18122774793641
y: 78.0
z: -1237.5389493761033
yaw: 89.676994
pitch: -13.0499935
name: Prison
