world: spawn
x: 14.680154374922894
y: 78.0
z: -1112.491416258493
yaw: 269.97678
pitch: -5.099978
name: Pro
