world: spawn
x: 12.5
y: 43.0
z: -244.5
yaw: -178.69931
pitch: 6.6000056
name: Pro
