world: spawn
x: 14.496206854768527
y: 83.0
z: -1112.5433498110065
yaw: 89.67688
pitch: -7.199997
name: pro
