world: spawn
x: 73.5
y: 80.0
z: -1112.5
yaw: -90.02103
pitch: 7.774798
name: Psycho
