world: mines
x: 838.4385217963521
y: 67.0
z: -2.709067388271831
yaw: -179.6958
pitch: -0.14999275
name: Psycho
