world: spawn
x: 99.5011405255475
y: 107.0
z: -1114.9588664160076
yaw: -88.223305
pitch: 8.999916
name: pvp
