world: spawn
x: -31.661081290529047
y: 79.0
z: -244.5559445261089
yaw: -89.56973
pitch: 0.7500091
name: PVP
