world: spawn
x: 95.68981664335476
y: 111.0
z: -1112.4636012324784
yaw: -90.47339
pitch: -1.9500879
name: pvp
