world: spawn
x: -57.199448401578316
y: 68.0
z: -1237.5835781809328
yaw: -89.46537
pitch: 8.137638
name: Q
