world: mines
x: 381.5
y: 63.0
z: -26.5
yaw: -359.99753
pitch: -0.30000657
name: Q
