world: mines
x: 409.4611103771591
y: 67.0
z: -19.18935698912444
yaw: 0.15240015
pitch: 0.60002166
name: R
