world: spawn
x: -78.44147735627857
y: 69.0
z: -1197.8812330440187
yaw: -359.58664
pitch: 7.8048596
name: R
