world: spawn
x: -110.47282141565893
y: 68.0
z: -1185.3389999293195
yaw: 359.5902
pitch: -5.8388987
name: S
