world: mines
x: 437.3926485347072
y: 61.0
z: -46.150215268550404
yaw: -0.74747664
pitch: -14.549956
name: S
