world: mines
x: 779.9662952988766
y: 65.0
z: -1.7171896879885664
yaw: 181.59608
pitch: 7.869295
name: Sand
