world: spawn
x: -2.5901963540818542
y: 98.0
z: -1415.8646981049142
yaw: -179.568
pitch: -2.2499647
name: Sand
