world: spawn
x: 61.47606789580935
y: 70.0
z: -1148.6004346948337
yaw: -111.10797
pitch: 22.114113
name: Savage
