world: mines
x: 804.5894598671541
y: 76.0
z: 8.92888040257672
yaw: 179.70784
pitch: -5.2499957
name: savage
