world: spawn
x: 220.45409679919047
y: 144.4356251760506
z: -1285.5219312360996
yaw: 179.82655
pitch: 1.6500021
name: shroomfarm
