world: spawn
x: 70.47945180112114
y: 112.62645851669441
z: -739.3117278834936
yaw: -179.92653
pitch: -2.4000108
name: shroomfarm
