world: skyblock
x: 400.5275174681878
y: 119.0
z: 391.1431507370295
yaw: 0.6020508
pitch: -6.8999853
name: Skyblock
