world: skyblock
x: 400.51465661796675
y: 118.0
z: 383.5980434362439
yaw: -0.74798584
pitch: -18.300024
name: skyblock
