world: free
x: -5001.769599744954
y: 64.0
z: -5103.0220632499295
yaw: 93.9208
pitch: 19.119211
name: SP1
