world: free
x: -5001.651363440029
y: 64.0
z: -5110.933463958917
yaw: 93.9208
pitch: 19.119211
name: SP2
