world: free
x: -5001.514704689031
y: 64.0
z: -5118.904129758414
yaw: 91.59137
pitch: 17.455343
name: SP3
