world: free
x: -5001.414389464884
y: 64.0
z: -5126.870726611211
yaw: 91.59137
pitch: 17.455343
name: SP4
