world: free
x: -5001.314074240738
y: 64.0
z: -5134.836499744837
yaw: 91.59137
pitch: 17.455343
name: SP5
