world: spawn
x: 44.417630926294486
y: 111.5
z: -770.4914792189007
yaw: -270.79636
pitch: -1.9500121
name: SpaceCommand
