world: hub
x: 0.5
y: 73.60333649743238
z: 0.5
yaw: 89.549965
pitch: -2.9999933
name: spawn
