world: spawn
x: 14.524578217763136
y: 82.0
z: -1237.600052307456
yaw: 89.826904
pitch: 0.1499731
name: Spawn
