world: spawn
x: -164.9739111964297
y: 68.0
z: -1206.4141785474903
yaw: -269.4182
pitch: 1.9500111
name: squidfarm
