world: spawn
x: 17.973863420820493
y: 65.0
z: -1235.1299377741261
yaw: -269.29657
pitch: 0.8166096
name: StaffTut
