world: hub
x: -78.00848058670415
y: 73.38429353074709
z: 0.5142109791198639
yaw: 90.75
pitch: -1.1999909
name: Staff
