world: world
x: 131.32227646561194
y: 72.0
z: 214.5042645735823
yaw: -270.30023
pitch: -31.200006
name: survival
