world: spawn
x: -142.8591989405078
y: 68.0
z: -1193.5956683577922
yaw: -0.36868405
pitch: -3.3972929
name: t
