world: mines
x: 458.1500065909367
y: 62.0
z: -10.64807758756971
yaw: 271.35257
pitch: -5.249942
name: T
