world: spawn
x: -135.58750801046824
y: 68.0
z: -1193.2135982471357
yaw: 47.78131
pitch: -0.8472934
name: T
