world: spawn
x: 14.430932426130113
y: 60.0
z: -1335.2626761022307
yaw: -177.47327
pitch: -5.8500123
name: temple
