world: world_the_end
x: 11.557400571857908
y: 64.0
z: 15.873995971462127
yaw: -180.0003
pitch: 3.0000012
name: TheMoon
