world: spawn
x: -20.45007492113811
y: 67.0
z: -1310.1088901051141
yaw: 1.1766313
pitch: -26.999918
name: tutorial
