world: spawn
x: -34.14076560428212
y: 80.0
z: -1237.493731661906
yaw: -270.02307
pitch: -17.099995
name: tutorial
