world: spawn
x: 0.5
y: 29.0
z: 20.5
yaw: -0.3005128
pitch: -29.549994
name: Tutorial
