world: spawn
x: -33.03370123295769
y: 79.5
z: -1237.4963600259907
yaw: -269.8731
pitch: -29.25
name: Tutorial
