world: spawn
x: -171.53388547509587
y: 68.5
z: -1237.4999315286789
yaw: 90.37604
pitch: 12.463653
name: U
