world: mines
x: 493.65689885083924
y: 65.5
z: -23.02183533350383
yaw: -358.4956
pitch: 10.799987
name: U
