world: spawn
x: 72.42523125459759
y: 216.0
z: -1290.5055303185477
yaw: 179.38489
pitch: 4.9499807
name: UFO
