world: spawn
x: 72.61000820580952
y: 214.0
z: -1298.3869991834697
yaw: 89.98486
pitch: 90.0
name: UFO
