world: spawn
x: -142.58103359374223
y: 213.0
z: -1284.8528726923535
yaw: 180.61932
pitch: 0.18170644
name: V
