world: mines
x: 521.5
y: 249.0
z: -6.5
yaw: 180.45178
pitch: 0.75004315
name: V
