world: spawn
x: 137.43342796121647
y: 79.0
z: -1326.2495447031215
yaw: 179.82812
pitch: -5.249952
name: Volcano
