world: spawn
x: -112.10884901135462
y: 73.0625
z: -1298.5170471155259
yaw: 269.34686
pitch: 8.470373
name: W
