world: mines
x: 549.5312222038048
y: 65.0
z: -16.516349477936544
yaw: 0.6023537
pitch: -7.4999704
name: W
