world: spawn
x: 63.74072065802178
y: 113.6320747422975
z: -791.4504398268757
yaw: 269.80255
pitch: 3.1499722
name: WartFarm
