world: spawn
x: 19.417688944643075
y: 143.37171072297394
z: -1083.5252856048933
yaw: 269.97626
pitch: 5.699991
name: wartfarm
