world: spawn
x: 43.414420429899515
y: 114.5
z: -703.744108415548
yaw: -179.89255
pitch: -2.849964
name: WheatFarm
