world: spawn
x: 125.45840513923473
y: 141.08735634483568
z: -1388.300000011921
yaw: 180.57693
pitch: 7.050007
name: WheatFarm
