world: spawn
x: 12.51425483553697
y: 94.0
z: -236.7399172518858
yaw: 180.14935
pitch: 2.2500176
name: WoodShed
