world: spawn
x: -78.46197621542152
y: 69.0
z: -1281.7249066178179
yaw: 181.5556
pitch: 1.149377
name: X
