world: mines
x: -35.44814113517671
y: 66.0
z: -16.56799812027591
yaw: 0.60687256
pitch: 32.40001
name: XP
