world: spawn
x: -179.7172292939505
y: 99.0
z: -1275.5166241990687
yaw: 90.1256
pitch: 45.14998
name: XP
