world: mines
x: 605.4939952841221
y: 78.0
z: -0.5167763148397737
yaw: -177.58293
pitch: 2.8132381
name: Y
