world: spawn
x: -38.19159824594704
y: 84.0
z: -1112.464416555199
yaw: -270.506
pitch: 24.110765
name: Y
