world: mines
x: 603.3000000119209
y: 78.0
z: 0.3155998325938976
yaw: -181.909
pitch: 2.1476827
name: YBackup
