world: spawn
x: -36.482838197002465
y: 83.0
z: -1150.5274760313907
yaw: -270.05072
pitch: 13.794784
name: Z
