world: mines
x: 624.5
y: 63.0
z: -9.5
yaw: -89.39767
pitch: -5.6999793
name: Z
