world: spawn
x: 4.5
y: 66.0
z: -12.5
yaw: 179.04044
pitch: 1.9613298
name: Ze
