world: spawn
x: 170.51892161999064
y: 65.0
z: -1201.6090356432044
yaw: 0.87660223
pitch: 7.649863
name: Ze
