world: spawn
x: -141.42383348116647
y: 97.77799363091476
z: -1167.3835923794372
yaw: -359.57104
pitch: 1.800009
name: ZombieFarm
