world: mines
x: 185.5092470100907
y: 58.0
z: -6.900132201694584
yaw: -180.14691
pitch: -0.29999757
name: ZombieFarm
