jails: 
  jail4: 
    world: spawn
    x: 54.69999998807907
    y: 76.0
    z: -239.35446216937703
    yaw: -88.32777
    pitch: 2.6949
  jail3: 
    world: spawn
    x: 54.657921129438584
    y: 76.0
    z: -242.30479581740727
    yaw: -91.98832
    pitch: 7.0209594
  jail2: 
    world: spawn
    x: 54.63249946178657
    y: 76.0
    z: -245.42057399884737
    yaw: -90.65724
    pitch: 12.012568
  jail: 
    world: spawn
    x: 54.62595132125949
    y: 76.0
    z: -248.50660371791776
    yaw: 272.67053
    pitch: 20.331917
