spawns: 
  default: 
    world: spawn
    x: 14.5
    y: 82.0
    z: -1237.5
    yaw: 89.826904
    pitch: 0.1499731
