spawns: 
  free: 
    world: spawn
    x: 14.691153956473517
    y: 82.49910928064935
    z: -1237.496170738188
    yaw: 89.67692
    pitch: -1.4999936
