lastAccountName: Joseph9913
timestamps:
  login: 1424386637913
  lastteleport: 1424385660105
  kits:
    pvp: 1424298912932
    novice: 1424298871462
    color: 1424298895626
    adept: 1424298883184
  logout: 1424386650552
ipAddress: 207.119.120.236
lastlocation:
  world: plotworld
  x: 24.93791262594842
  y: 65.0
  z: 89.07131576615035
  yaw: 20.250029
  pitch: 24.149984
logoutlocation:
  world: mines
  x: 409.58074121452626
  y: 67.0
  z: -5.566312420034812
  yaw: 179.25275
  pitch: 31.49996
money: '1618367.3107246384'
afk: false
