uuid: 00530985-3f65-4bb2-8429-6d5c2288e5ea
timestamps:
  login: 1419034688707
  lastteleport: 1419034938632
  logout: 1419035111303
ipAddress: 67.8.62.28
lastlocation:
  world: spawn
  x: -0.27050968528303687
  y: 107.0
  z: -241.60164670610578
  yaw: 89.678055
  pitch: 8.611358
logoutlocation:
  world: spawn
  x: 0.2712919462229071
  y: 30.0
  z: -5.287777372733019
  yaw: -236.21877
  pitch: 45.27097
money: '13.0'
lastAccountName: epicgamer35
