timestamps:
  lastteleport: 1420924312893
  kits:
    pvp: 1420924516324
    novice: 1419290609988
    color: 1419116211129
    adept: 1420922716154
  logout: 1421331587456
  login: 1421331531272
lastlocation:
  world: plotworld
  x: -40.172645393385636
  y: 65.0
  z: -71.29788659520892
  yaw: 355.64996
  pitch: 16.799997
money: '136998.66900501656'
afk: false
logoutlocation:
  world: plotworld
  x: -39.71537773758814
  y: 65.0
  z: -73.44445932452713
  yaw: -227.84995
  pitch: 25.500008
uuid: 00a90b00-1189-4c2e-a134-e0670f65a803
ipAddress: 24.22.149.31
lastAccountName: cookemonster8
