lastAccountName: branson25
timestamps:
  login: 1420322506212
  lastteleport: 1420322609245
  logout: 1420322629851
ipAddress: 98.251.5.169
lastlocation:
  world: spawn
  x: 22.86342048435472
  y: 113.5
  z: -241.33891533939513
  yaw: -6.9011664
  pitch: 29.10007
logoutlocation:
  world: spawn
  x: -0.7121321404669749
  y: 30.0
  z: -7.0543010525585
  yaw: 12.749402
  pitch: 26.249977
money: '30.0'
