uuid: 0119b4d9-a71c-477a-811d-45296a77e573
timestamps:
  login: 1417158440884
  logout: 1417158496165
ipAddress: 108.21.225.18
logoutlocation:
  world: spawn
  x: 1.1780961847871487
  y: 34.0
  z: 19.50230435330904
  yaw: -233.85034
  pitch: -2.8499715
money: '30.0'
lastAccountName: anthony915
