uuid: 01abd638-b64b-46c5-8c15-93c2b1260c6c
timestamps:
  login: 1419993169203
  lastteleport: 1419993309303
  logout: 1419993349055
ipAddress: 68.150.154.193
lastlocation:
  world: spawn
  x: 0.6050037224267713
  y: 33.0
  z: -38.15505415772151
  yaw: 176.40298
  pitch: -10.200006
logoutlocation:
  world: spawn
  x: 22.55396879757489
  y: 111.5
  z: -237.4099532500211
  yaw: 60.598816
  pitch: 55.800064
money: '30.0'
lastAccountName: jayykeyy
