lastAccountName: Stormosaurus
timestamps:
  login: 1422317587087
  lastteleport: 1422317682711
  logout: 1422317695866
ipAddress: 72.91.199.27
money: '13955.0'
lastlocation:
  world: spawn
  x: 0.608451391216358
  y: 29.0
  z: 33.728055790540424
  yaw: 0.5995178
  pitch: 12.600006
logoutlocation:
  world: mines
  x: 669.6999999880791
  y: 53.0
  z: -10.302688603738554
  yaw: -23.697083
  pitch: 54.29999
