lastAccountName: polo4465
timestamps:
  login: 1424543041723
  lastteleport: 1424543162143
  logout: 1424543182197
ipAddress: 107.184.169.33
lastlocation:
  world: spawn
  x: 1.802522056337216
  y: 26.0
  z: -7.89425357450547
  yaw: -261.90027
  pitch: -30.75001
logoutlocation:
  world: spawn
  x: -2.0749999880790724
  y: 32.0
  z: -13.07499998807907
  yaw: -30.75058
  pitch: 31.200005
money: '30.0'
