uuid: 022517c3-dda3-4c3e-9245-8074aaa812b3
timestamps:
  login: 1417845358510
  logout: 1417845377961
ipAddress: 79.141.163.7
logoutlocation:
  world: spawn
  x: 0.05980848759595843
  y: 100.0
  z: -2.7161637295210643
  yaw: -359.85046
  pitch: 1.3500036
money: '30.0'
lastAccountName: zxparticalsxz
