uuid: 02292869-a02b-4429-a5ca-addaac898f6e
timestamps:
  login: 1419380614022
  lastteleport: 1419381176746
  kits:
    pvp: 1419032782643
    color: 1419124156064
    adept: 1419032554903
  logout: 1419381216226
ipAddress: 70.188.116.68
money: '18797.732499999995'
lastlocation:
  world: mines
  x: 243.69999998807907
  y: 61.0
  z: -9.332314809784297
  yaw: -91.948
  pitch: 2.400018
logoutlocation:
  world: spawn
  x: 1.8058953817524683
  y: 123.5
  z: -243.71327262101386
  yaw: -252.04997
  pitch: -4.350004
lastAccountName: oge_twitch
