lastAccountName: Grapefruit107
timestamps:
  login: 1421758666846
  lastteleport: 1421713705187
  logout: 1421758808178
ipAddress: 64.237.225.193
lastlocation:
  world: spawn
  x: 40.61018425224187
  y: 81.5
  z: -1237.5182023350333
  yaw: 271.02698
  pitch: -10.6500225
money: '2660.1200000000003'
logoutlocation:
  world: plotworld
  x: 38.09376999116731
  y: 65.0
  z: -39.67533953544307
  yaw: 161.54996
  pitch: 33.000008
