uuid: 039f647c-0317-4ced-a297-24e3383d29ea
timestamps:
  login: 1418789609912
  lastteleport: 1418789703662
  kits:
    pvp: 1418626145537
    novice: 1418622576888
    color: 1418623097420
    adept: 1418627278675
  logout: 1418789719352
ipAddress: 50.80.216.136
lastlocation:
  world: mines
  x: 268.47601374419173
  y: 48.0
  z: -14.69999998807907
  yaw: 182.10234
  pitch: 26.250011
money: '79211.76790412483'
logoutlocation:
  world: mines
  x: 97.34262642874059
  y: 62.0
  z: -10.956781012046198
  yaw: -35.69736
  pitch: 50.09997
lastAccountName: maccraft2014
