uuid: 03c00a43-2429-46f4-915f-2ca10bad009e
timestamps:
  login: 1418792339243
  logout: 1418792422054
ipAddress: 73.18.224.18
logoutlocation:
  world: spawn
  x: 0.5998558901090338
  y: 102.74241333191203
  z: -11.967741904372629
  yaw: -359.85046
  pitch: 1.3500036
money: '30.0'
lastAccountName: dogjones
