lastAccountName: ChallianHD
timestamps:
  login: 1422352433707
  lastteleport: 1422352491257
  logout: 1422352493100
ipAddress: 1.120.138.117
lastlocation:
  world: spawn
  x: 0.001637627112923118
  y: 34.0
  z: 8.313600919528657
  yaw: 167.53566
  pitch: 14.590192
logoutlocation:
  world: spawn
  x: 0.5
  y: 29.0
  z: 20.5
  yaw: -0.3005128
  pitch: -29.549994
money: '30.0'
