uuid: 046d0b2e-f56c-4f5c-8b11-82157f20bf78
timestamps:
  login: 1419457581783
  lastteleport: 1419459074351
  kits:
    pvp: 1419458649887
    color: 1419458623372
ipAddress: 98.228.46.199
lastlocation:
  world: world
  x: 861.5
  y: 126.5
  z: 548.5
  yaw: -1.0429688
  pitch: 23.400059
money: '440.3099999999999'
lastAccountName: supercalpal
