uuid: 0477d93d-a756-4dfe-99da-f70eab6ba355
timestamps:
  login: 1420227697471
  lastteleport: 1420230460497
  kits:
    adept: 1420227923094
  logout: 1420230649456
ipAddress: 70.241.145.242
money: '417136.74750000006'
lastlocation:
  world: spawn
  x: 8.143049486408385
  y: 81.0
  z: -1225.5864474909554
  yaw: 152.91875
  pitch: -1.8105
logoutlocation:
  world: plotworld
  x: -83.7068034195128
  y: 65.5
  z: -97.19054920726668
  yaw: 323.67285
  pitch: 14.25797
lastAccountName: akafog
