lastAccountName: XxLegoLeaderxX
timestamps:
  login: 1422116978395
  lastteleport: 1422118842688
  kits:
    novice: 1422117044156
    adept: 1422118066149
  logout: 1422119002834
ipAddress: 86.21.16.160
lastlocation:
  world: spawn
  x: 22.459774539826036
  y: 34.5
  z: -8.107992363061806
  yaw: -176.99715
  pitch: 11.399972
money: '45776.41521739131'
logoutlocation:
  world: mines
  x: 269.3895023731507
  y: 63.0
  z: -5.278453302157586
  yaw: -212.99506
  pitch: 35.250057
