uuid: 04d60e2a-fbcb-4c6a-a5c0-979cbcee19f0
timestamps:
  login: 1418894421202
  logout: 1418894426834
ipAddress: 114.77.172.3
logoutlocation:
  world: spawn
  x: 0.5998558901090338
  y: 102.0
  z: -11.967741904372629
  yaw: -356.85043
  pitch: 19.200005
money: '30.0'
lastAccountName: honeymount
