lastAccountName: AmethystFoxyGirl
timestamps:
  login: 1424650081460
  lastteleport: 1424667010650
  logout: 1424667376291
  kits:
    expert: 1424641893038
    pvp: 1423429274925
    color: 1423377735340
    guard: 1424060919917
    changelog: 1424224963825
    adept: 1423706998729
  jail: 0
  mute: 0
ipAddress: 72.213.31.46
lastlocation:
  world: spawn
  x: 27.53974642923276
  y: -4.749026256102946
  z: -1204.4446868291363
  yaw: 0.8769944
  pitch: 28.649954
money: '702331382.5533335'
logoutlocation:
  world: plotworld
  x: 24.741654742571143
  y: 53.0
  z: -39.89037133646464
  yaw: 178.49982
  pitch: 14.099992
afk: false
jailed: false
godmode: false
muted: false
nickname: §5Amethyst§6BaeGirl
socialspy: false
