uuid: 056930af-890b-4548-8951-997d521d3e93
timestamps:
  login: 1418181866632
  lastteleport: 1418182133159
  logout: 1418182166163
ipAddress: 24.29.72.144
lastlocation:
  world: spawn
  x: 0.7886114658861004
  y: 34.0
  z: 9.27865968312681
  yaw: 165.29932
  pitch: 6.1499968
logoutlocation:
  world: spawn
  x: -0.5567327455273163
  y: 34.89519999914169
  z: -33.56343489399454
  yaw: 270.1532
  pitch: 55.349953
money: '30.0'
lastAccountName: carly5454
