uuid: 057d9e6e-acd2-46c8-850f-59cedb4fd485
timestamps:
  login: 1418265347367
  logout: 1418265375397
ipAddress: 173.2.207.123
logoutlocation:
  world: spawn
  x: 0.5413155838484127
  y: 101.0
  z: -8.228216248331332
  yaw: -3.1506042
  pitch: 4.350005
money: '30.0'
lastAccountName: butta50
