uuid: 05e7bc24-a778-4f36-849d-df3bc915fc14
timestamps:
  login: 1419953765936
  lastteleport: 1419957966553
  kits:
    novice: 1419956837588
    pvp: 1419953518839
    adept: 1419954995733
  logout: 1419958087891
ipAddress: 213.22.20.20
lastlocation:
  world: spawn
  x: -27.126672143473005
  y: 75.5
  z: -245.69999998807907
  yaw: 316.48022
  pitch: 3.450003
money: '1454.0198913043332'
logoutlocation:
  world: spawn
  x: 14.913609657419437
  y: 82.0
  z: -1232.3471793071546
  yaw: -7.523097
  pitch: 46.95002
lastAccountName: zombiecreeperhd
