uuid: 05f69fac-0afb-4426-8e7b-ef9fe7333df1
timestamps:
  login: 1419707819874
  logout: 1419707879922
ipAddress: 2.2.116.151
logoutlocation:
  world: spawn
  x: 30.46553789040542
  y: 81.0
  z: -1237.841324872585
  yaw: -266.9915
  pitch: 16.521484
money: '30.0'
lastAccountName: erwin2014
