lastAccountName: Igormarchetto
timestamps:
  login: 1424626679367
  lastteleport: 1422741154226
  kits:
    adept: 1422740821090
  logout: 1424626683628
ipAddress: 187.39.162.203
lastlocation:
  world: mines
  x: 325.42827642100053
  y: 68.0
  z: -8.44597395201523
  yaw: 258.30273
  pitch: 77.40001
money: '155971.75'
logoutlocation:
  world: spawn
  x: 12.807826812019403
  y: 124.0
  z: -243.61005796096322
  yaw: -252.79979
  pitch: 24.75
