uuid: 070bc63c-11ff-4c18-8405-789e6b677fd5
timestamps:
  login: 1419172460863
  lastteleport: 1419175435478
  kits:
    pvp: 1419172717081
    novice: 1419172701669
    color: 1419173112625
    adept: 1419173235875
ipAddress: 109.76.119.136
lastlocation:
  world: mines
  x: 121.64091428413172
  y: 63.0
  z: -11.498204078970968
  yaw: 0.45249984
  pitch: -20.999992
money: '5443.057692307688'
lastAccountName: kirica3
