lastAccountName: jellyman2014
timestamps:
  login: 1424107950311
  logout: 1424107973518
ipAddress: 2.124.134.155
logoutlocation:
  world: spawn
  x: 0.3854237617842872
  y: 81.0
  z: -1237.4392605850098
  yaw: 89.07641
  pitch: -0.450001
money: '30.0'
