lastAccountName: BibiHanselman
timestamps:
  login: 1421028966036
  logout: 1421029003706
ipAddress: 69.115.102.176
logoutlocation:
  world: spawn
  x: 0.5
  y: 101.0
  z: -11.204009449715636
  yaw: 41.399998
  pitch: 2.6999998
money: '30.0'
