uuid: 07e90883-ce0f-4dc4-bae6-dd82945b9545
timestamps:
  login: 1419680072739
  lastteleport: 1419680147808
  kits:
    pvp: 1419680181703
    novice: 1419680166349
  logout: 1419680198374
ipAddress: 79.233.222.182
lastlocation:
  world: spawn
  x: 0.6466948678195742
  y: 34.0
  z: 6.334204219886985
  yaw: -175.20007
  pitch: 25.64998
logoutlocation:
  world: spawn
  x: 0.32815818182189677
  y: 30.0
  z: 54.650797054117504
  yaw: 10.049491
  pitch: -5.099989
money: '30.0'
lastAccountName: tinodan
