lastAccountName: xCuteGirl
timestamps:
  login: 1424622737893
  logout: 1424622772227
ipAddress: 163.158.120.182
logoutlocation:
  world: spawn
  x: 0.5073379317764193
  y: 101.0
  z: -7.545502137811503
  yaw: -8.283498
  pitch: 30.767277
money: '30.0'
