uuid: 0875cad4-ec8f-43f3-8157-47b858b4f453
timestamps:
  login: 1419908211646
  lastteleport: 1419908294695
  logout: 1419908522899
ipAddress: 69.47.255.150
lastlocation:
  world: spawn
  x: 0.40536103413974023
  y: 29.0
  z: 51.59888460306955
  yaw: 359.53326
  pitch: 1.586071
logoutlocation:
  world: spawn
  x: -13.81859274656071
  y: 36.0
  z: -6.1534876215366605
  yaw: 270.07935
  pitch: -2.4712298
money: '30.0'
lastAccountName: irishhockey32
