lastAccountName: DjBeatz_115
timestamps:
  login: 1423592711385
  lastteleport: 1423592834517
  kits:
    novice: 1421508499811
    pvp: 1420850973119
    color: 1420851053346
    adept: 1421507758604
  logout: 1423592945148
ipAddress: 217.44.83.156
lastlocation:
  world: spawn
  x: 0.6692515909624516
  y: 40.5
  z: -2001.1695924385842
  yaw: 334.75757
  pitch: 60.899937
money: '125327.7004347826'
logoutlocation:
  world: plotworld
  x: -39.615074077372135
  y: 65.0
  z: -56.44606896734963
  yaw: 191.5498
  pitch: 16.799992
