uuid: 08c7c9a2-8b80-4933-8008-07be1783d26b
timestamps:
  login: 1419458503441
  logout: 1419458512042
ipAddress: 62.199.144.10
logoutlocation:
  world: spawn
  x: 5.199999988079071
  y: 100.5
  z: -2.211474915767908
  yaw: -101.10049
  pitch: 85.95
money: '30.0'
lastAccountName: oliverboss12
