uuid: 08d4876e-f171-497d-9cad-d9aaf9ef5de1
timestamps:
  login: 1419882165255
  lastteleport: 1419882590207
  kits:
    pvp: 1419882698028
    novice: 1419882350493
  logout: 1419883215954
ipAddress: 162.203.230.31
lastlocation:
  world: spawn
  x: -13.489881241926991
  y: 27.0
  z: -4.5860290330911475
  yaw: -87.58378
  pitch: 0.68572164
money: '1600.9200000000012'
logoutlocation:
  world: mines
  x: 83.57103055428931
  y: 63.0
  z: -10.336682984951857
  yaw: 88.643524
  pitch: 21.450722
lastAccountName: jokerboss99
