lastAccountName: soggy_waffle16
timestamps:
  login: 1421882173535
  logout: 1421882212108
ipAddress: 74.115.1.73
logoutlocation:
  world: spawn
  x: -6.9192189574241665
  y: 82.0
  z: -1229.7950789994502
  yaw: 107.85705
  pitch: -8.24927
money: '30.0'
