lastAccountName: ern114
timestamps:
  login: 1421637174437
  logout: 1421637360579
ipAddress: 121.220.209.181
logoutlocation:
  world: spawn
  x: 14.461826923640048
  y: 81.5
  z: -1237.536211174398
  yaw: 89.07641
  pitch: -0.450001
money: '30.0'
