lastAccountName: Zackco1234
timestamps:
  login: 1421092922973
  lastteleport: 1421092958678
  logout: 1421092969079
  kits:
    pvp: 1420905741569
    adept: 1420905447489
ipAddress: 162.251.9.49
lastlocation:
  world: spawn
  x: 11.342113119975206
  y: 106.0
  z: -236.67531305952284
  yaw: 27.448963
  pitch: 4.2000995
money: '12285.047608695651'
logoutlocation:
  world: mines
  x: 157.27013603111132
  y: 63.0
  z: -5.354260315458863
  yaw: 113.55316
  pitch: 24.900002
