uuid: 09e78ac7-45e4-405d-a660-bd15f6a11641
timestamps:
  login: 1419947452514
  logout: 1419947571407
ipAddress: 177.101.60.203
logoutlocation:
  world: spawn
  x: 2.075362297742011
  y: 33.0
  z: 17.371354835088596
  yaw: -31.950134
  pitch: -14.849995
money: '30.0'
lastAccountName: nuttysquash414
