lastAccountName: luisancraft
timestamps:
  login: 1424089901009
  logout: 1424089931899
  lastteleport: 1422628745678
  kits:
    pvp: 1422628677554
ipAddress: 95.251.45.83
logoutlocation:
  world: spawn
  x: 0.2376195678775497
  y: 34.0
  z: 18.379958789084785
  yaw: 201.15012
  pitch: -32.24999
lastlocation:
  world: spawn
  x: 0.4551887399152069
  y: 29.5
  z: 53.76162088974486
  yaw: -7.950444
  pitch: 26.250032
money: '82.99000000000001'
