uuid: 0acf652e-0f48-4379-b0ef-aefd17503d93
timestamps:
  login: 1416410655077
  logout: 1416410743660
ipAddress: 50.138.79.156
logoutlocation:
  world: spawn
  x: 0.5998558901090338
  y: 102.74241333191203
  z: -11.967741904372629
  yaw: -359.85046
  pitch: 1.3500036
money: '30.0'
lastAccountName: thebob335
