lastAccountName: austinp01
timestamps:
  login: 1421889215042
  lastteleport: 1421889575199
  kits:
    pvp: 1421879397778
    novice: 1421879404127
    color: 1421849536819
  logout: 1421889586506
ipAddress: 73.203.148.231
lastlocation:
  world: mines
  x: 43.7831917745059
  y: 63.0
  z: -3.2612785103347908
  yaw: 51.38092
  pitch: -0.15839791
money: '23504.941884057967'
logoutlocation:
  world: mines
  x: 237.80119433035327
  y: 62.0
  z: -19.94094761890218
  yaw: 331.35498
  pitch: 0.15003052
