lastAccountName: PikachuShockwave
timestamps:
  login: 1422313583113
  logout: 1422313650035
ipAddress: 66.214.106.214
logoutlocation:
  world: spawn
  x: -6.796444548367476
  y: 80.0
  z: -1237.705152054169
  yaw: 92.37644
  pitch: 19.65001
money: '30.0'
