lastAccountName: DomRQuat
timestamps:
  login: 1422819887918
  lastteleport: 1422820032040
  logout: 1422820134710
ipAddress: 67.183.125.28
lastlocation:
  world: spawn
  x: 0.47794700482649477
  y: 29.0
  z: 28.580530887222636
  yaw: 2.3963275
  pitch: 20.890884
logoutlocation:
  world: spawn
  x: -21.421634923810455
  y: 35.0
  z: -6.7548069355746145
  yaw: -81.94333
  pitch: 12.579764
money: '30.0'
