lastAccountName: mrops2012
timestamps:
  login: 1421208974525
  logout: 1421209124451
ipAddress: 72.164.48.19
logoutlocation:
  world: spawn
  x: 30.340768873569512
  y: 81.0
  z: -1251.7407285531756
  yaw: 103.62656
  pitch: 37.050003
money: '30.0'
