uuid: 0c2abb46-0415-489b-9d1f-b86078fafe10
timestamps:
  login: 1419091104394
  logout: 1419091335992
ipAddress: 74.78.13.71
logoutlocation:
  world: spawn
  x: -0.71956533423833
  y: 34.0
  z: 10.823202157239823
  yaw: -108.747086
  pitch: 25.499994
money: '30.0'
lastAccountName: zinanilly123
