uuid: 0db87c68-4c7e-4c18-a146-455e35ceff38
timestamps:
  login: 1419423919004
  lastteleport: 1419424127033
  logout: 1419424530093
ipAddress: 62.44.135.186
lastlocation:
  world: spawn
  x: 0.5103747221572381
  y: 29.5
  z: 53.71873215294496
  yaw: 0.29948723
  pitch: 26.099998
logoutlocation:
  world: spawn
  x: 0.580063632799238
  y: 32.0
  z: -2.3000000119209365
  yaw: 178.64856
  pitch: 10.050032
money: '30.0'
lastAccountName: vict2414
