uuid: 0dc2a807-3a6e-4b4c-8e4b-097bc955ac48
timestamps:
  login: 1423213368783
  kits:
    pvp: 1423213874770
    color: 1416405073263
    alpha: 1416405495402
    adept: 1423213702013
  lastteleport: 1423214220592
  logout: 1423214231090
ipAddress: 37.104.233.146
lastlocation:
  world: mines
  x: 243.69999998807907
  y: 61.0
  z: -9.300000011920927
  yaw: 294.88187
  pitch: 17.12496
money: '1098990.02'
logoutlocation:
  world: mines
  x: 331.2047375640379
  y: 63.5
  z: -7.971922003275023
  yaw: -105.754776
  pitch: 31.27593
lastAccountName: karate_masters
