lastAccountName: logicDB
timestamps:
  login: 1420490743610
  lastteleport: 1420395464609
  kits:
    novice: 1420315171741
    pvp: 1420394491495
    color: 1420315208459
    adept: 1420393168459
  logout: 1420490753508
  jail: 0
ipAddress: 198.91.170.238
lastlocation:
  world: mines
  x: 192.11092315161676
  y: 68.0
  z: -9.208616503111083
  yaw: 268.06494
  pitch: 30.149982
money: '24992.249999999993'
afk: false
logoutlocation:
  world: spawn
  x: 1.944365370276517
  y: 37.0
  z: -10.706810963113814
  yaw: 84.59329
  pitch: 9.300007
jailed: false
