uuid: 0e1dbc2a-6167-40e4-9da8-3dfa825d0e38
timestamps:
  login: 1416410425805
ipAddress: 50.138.79.156
logoutlocation:
  world: spawn
  x: 0.5998558901090338
  y: 102.74241333191203
  z: -11.967741904372629
  yaw: -359.85046
  pitch: 1.3500036
money: '30.0'
lastAccountName: floxit
