lastAccountName: lukastvk
timestamps:
  login: 1420919671547
  lastteleport: 1420919867148
  logout: 1420919874862
ipAddress: 5.103.54.95
lastlocation:
  world: spawn
  x: 34.22123391770275
  y: 81.0
  z: -1238.10608023313
  yaw: -95.173935
  pitch: 2.4661014
logoutlocation:
  world: spawn
  x: 19.68558256309446
  y: 109.5
  z: -234.00816557542643
  yaw: 107.10123
  pitch: 22.674267
money: '30.0'
