lastAccountName: arvidberga
timestamps:
  login: 1424633436778
  lastteleport: 1424634118430
  logout: 1424634850965
ipAddress: 90.231.154.65
lastlocation:
  world: spawn
  x: 0.22778640664437902
  y: 100.0
  z: -3.0103522540482874
  yaw: 9.449989
  pitch: 4.200003
logoutlocation:
  world: spawn
  x: -0.18531799566309326
  y: 26.0
  z: -8.699999988079071
  yaw: 291.59882
  pitch: -22.799992
money: '1301.9599999999996'
