lastAccountName: SebastianLol2
timestamps:
  login: 1422203914835
  lastteleport: 1422199887771
  logout: 1422203953282
ipAddress: 80.56.255.193
money: '99112.81'
lastlocation:
  world: spawn
  x: 12.538338544953604
  y: 94.0
  z: -236.45970773987747
  yaw: -25.95065
  pitch: 0.15002468
logoutlocation:
  world: spawn
  x: -2.4604651546883107
  y: 81.0
  z: -1249.8212655176048
  yaw: 168.87672
  pitch: 87.44998
