money: '65443.055'
timestamps:
  lastteleport: 1423068922482
  kits:
    novice: 1418837451120
    pvp: 1418962425234
    adept: 1422206115494
  logout: 1423069064255
  login: 1423068386924
  jail: 0
lastlocation:
  world: spawn
  x: 1.0059247354819696
  y: 124.0
  z: -247.4914635597045
  yaw: 197.93098
  pitch: 3.950791
logoutlocation:
  world: plotworld
  x: -63.51904590959626
  y: 65.0
  z: 27.303587023777204
  yaw: 25.805368
  pitch: 14.639578
uuid: 0ecdd329-8c06-4274-af6e-b4c922e58f9a
ipAddress: 108.16.21.216
jailed: false
afk: false
lastAccountName: AnusPenatratus
