uuid: 0ed0ae7e-cf67-4fdf-ab66-f31ef73b74d3
timestamps:
  login: 1419502995077
  logout: 1419503004255
ipAddress: 213.105.183.98
logoutlocation:
  world: spawn
  x: 14.039006038880846
  y: 82.0
  z: -1237.5330355897986
  yaw: 89.07641
  pitch: -0.450001
money: '30.0'
lastAccountName: michaelrass
