timestamps:
  lastteleport: 1423521549122
  kits:
    pvp: 1421101338708
    novice: 1418943841559
    color: 1422483915349
    alpha: 1417554665913
    adept: 1422482420192
    stoner: 1417554655210
  logout: 1423522460145
  login: 1423519551835
  jail: 0
lastlocation:
  world: spawn
  x: -10.777069109625472
  y: 85.0
  z: -1215.5128641091965
  yaw: 73.32691
  pitch: 16.949965
afk: false
godmode: false
nickname: s34224
logoutlocation:
  world: parkour
  x: 25.5
  y: 86.0
  z: -35.5
  yaw: -189.0
  pitch: 0.0
money: '644023.9331246384'
uuid: 0f06bbc4-294e-4ca8-ae1a-ace45ef964cf
ipAddress: 107.188.244.41
lastAccountName: s34224
jailed: false
