uuid: 0f118f17-91ed-4367-b9d3-c93e8e905d11
timestamps:
  login: 1418792326815
  logout: 1418792454576
ipAddress: 73.18.224.18
logoutlocation:
  world: spawn
  x: 0.5998558901090338
  y: 102.74241333191203
  z: -11.967741904372629
  yaw: -359.85046
  pitch: 1.3500036
money: '30.0'
lastAccountName: ferrinor
