lastAccountName: Danutu69
timestamps:
  login: 1422053595026
  logout: 1422053607860
ipAddress: 78.97.215.221
logoutlocation:
  world: spawn
  x: 14.461826923640048
  y: 81.5
  z: -1237.536211174398
  yaw: 89.07641
  pitch: -0.450001
money: '30.0'
