uuid: 0fb4d44c-00c1-4f84-80ba-49123f334d9a
timestamps:
  login: 1424192984313
  lastteleport: 1423433760190
  logout: 1424193175105
  kits:
    pvp: 1422651410957
    novice: 1419339470422
    color: 1422623422461
    adept: 1423432662470
ipAddress: 108.51.129.187
lastlocation:
  world: spawn
  x: -10.928891465036944
  y: 85.0
  z: -1214.6612778419526
  yaw: 81.26376
  pitch: 20.42518
logoutlocation:
  world: parkour
  x: -44.5
  y: 82.0
  z: -14.5
  yaw: 160.2288
  pitch: 1.8432
money: '318951.5295066895'
lastAccountName: CptnSkullface
afk: false
