lastAccountName: xxNEWFIExNWxx
timestamps:
  login: 1422218985535
  lastteleport: 1422219093452
  logout: 1422219164249
ipAddress: 71.7.128.105
lastlocation:
  world: spawn
  x: 0.7200431927556615
  y: 29.0
  z: 53.0025117694351
  yaw: -1.0505098
  pitch: 0.89998835
logoutlocation:
  world: spawn
  x: 0.26317212012028024
  y: 34.0
  z: 5.3000000119209405
  yaw: -181.64996
  pitch: 37.95006
money: '30.0'
