lastAccountName: miaangel
timestamps:
  login: 1422312220119
  logout: 1422312344169
ipAddress: 69.94.196.130
logoutlocation:
  world: spawn
  x: 40.297208883303156
  y: 81.5
  z: -1236.300000011921
  yaw: 88.39328
  pitch: 34.862564
money: '30.0'
