uuid: 11230f0e-29a8-4afb-82a9-6810078204d5
timestamps:
  login: 1420176303229
  lastteleport: 1420176441940
  logout: 1420176298115
ipAddress: 50.70.32.132
lastlocation:
  world: spawn
  x: 0.18805671487975914
  y: 37.0
  z: -3.6328248615011733
  yaw: -201.45053
  pitch: 14.849993
logoutlocation:
  world: spawn
  x: 4.5803503449123575
  y: 34.0
  z: 19.719233885076637
  yaw: 92.47095
  pitch: -28.491539
money: '199992.58'
lastAccountName: xxbob_sagetxx
