lastAccountName: JakeSimpson35
timestamps:
  login: 1423757889506
  logout: 1423757908808
ipAddress: 82.10.101.166
logoutlocation:
  world: spawn
  x: 14.461826923640048
  y: 81.5
  z: -1237.536211174398
  yaw: 89.07641
  pitch: -0.450001
money: '30.0'
