uuid: 1258e29b-2084-4e27-a157-7487ff6b0d4d
timestamps:
  login: 1418366655083
  lastteleport: 1418368384190
  logout: 1418368429082
  kits:
    pvp: 1418367817184
    novice: 1418367803780
    color: 1418367788476
ipAddress: 222.153.127.10
lastlocation:
  world: spawn
  x: 0.40201085891606414
  y: 37.0
  z: -10.518949496922708
  yaw: 358.94943
  pitch: 18.749992
money: '350.0'
logoutlocation:
  world: spawn
  x: 0.9938717973153857
  y: 107.0
  z: -243.73751549854066
  yaw: 73.34888
  pitch: 20.70006
lastAccountName: rosiethered1998
