lastAccountName: glitchingmaster
timestamps:
  login: 1422502770194
  lastteleport: 1422502674060
  logout: 1422502901560
ipAddress: 24.231.135.111
lastlocation:
  world: spawn
  x: 1.0378282652884192
  y: 33.0
  z: -37.577713279085415
  yaw: 155.10266
  pitch: 4.650025
logoutlocation:
  world: plotworld
  x: 23.816465238482504
  y: 65.0
  z: -87.00152764482083
  yaw: 176.1001
  pitch: 27.750027
money: '102.49'
