uuid: 12d41155-04fc-49ce-bbbe-8c1878cc9304
timestamps:
  login: 1419946873239
  logout: 1419946973603
ipAddress: 86.34.62.250
logoutlocation:
  world: spawn
  x: -0.209731065821362
  y: 101.0
  z: -10.548103909237854
  yaw: 357.8463
  pitch: 26.45962
money: '30.0'
lastAccountName: daggereye
