lastAccountName: xelvirax
timestamps:
  login: 1423257941886
  logout: 1423257948371
ipAddress: 152.115.79.242
logoutlocation:
  world: spawn
  x: 13.063707312951864
  y: 81.5
  z: -1238.699999988079
  yaw: 251.52635
  pitch: 7.1999984
money: '30.0'
