uuid: 130d8bf6-103d-4c3e-9f9d-95b30293693c
timestamps:
  login: 1418797273557
  lastteleport: 1418782260849
  logout: 1418797300365
ipAddress: 139.218.35.228
lastlocation:
  world: spawn
  x: 0.5558536184019267
  y: 29.0
  z: 52.849473227345996
  yaw: 3.749484
  pitch: 3.599992
logoutlocation:
  world: spawn
  x: 0.43992131915327753
  y: 33.0
  z: -37.28643992069425
  yaw: -204.44733
  pitch: 19.649971
money: '30.0'
lastAccountName: thewoj316
