lastAccountName: jhgi
timestamps:
  login: 1420665498890
  lastteleport: 1420666188938
  kits:
    novice: 1420665941387
  logout: 1420666304939
ipAddress: 76.188.16.254
lastlocation:
  world: spawn
  x: 0.5734425219452424
  y: 55.0
  z: 7.900239065154446
  yaw: 16.951294
  pitch: 9.750019
logoutlocation:
  world: mines
  x: -6.463217363573747
  y: 63.0
  z: -16.341940337625413
  yaw: -349.04865
  pitch: 45.1501
money: '38.91'
