lastAccountName: Troller7789
timestamps:
  login: 1420651929152
  lastteleport: 1420652142105
  logout: 1420652270883
ipAddress: 79.43.164.250
lastlocation:
  world: spawn
  x: 0.6774218027338619
  y: 34.0
  z: 10.126083079188176
  yaw: 199.80763
  pitch: 1.231295
logoutlocation:
  world: spawn
  x: 1.048476682312007
  y: 32.0
  z: -13.074999988079044
  yaw: 257.8493
  pitch: 0.7861841
money: '31.0'
