uuid: 13ead604-e568-4389-8ca4-b1e2abbd387b
timestamps:
  login: 1419957747332
  lastteleport: 1419940707545
  logout: 1419957777635
ipAddress: 82.18.165.149
lastlocation:
  world: spawn
  x: 21.27618340327284
  y: 106.0
  z: -244.85587635566654
  yaw: 274.3487
  pitch: -1.9499367
logoutlocation:
  world: spawn
  x: 14.66067521380563
  y: 82.0
  z: -1237.1437927117481
  yaw: 256.02686
  pitch: 24.149977
money: '60.0'
lastAccountName: lukester312
