lastAccountName: lavaslasher
timestamps:
  login: 1422661978466
  lastteleport: 1422662627303
  kits:
    pvp: 1422662224533
  logout: 1422662681241
ipAddress: 108.5.155.144
lastlocation:
  world: spawn
  x: -19.431865195482906
  y: 35.0
  z: -7.495807621726081
  yaw: 33.44879
  pitch: -13.799936
money: '50010.0'
logoutlocation:
  world: spawn
  x: 4.379180839601374
  y: 55.0
  z: 5.092964945497659
  yaw: 306.90143
  pitch: 11.7
