uuid: 146ae1ff-c3d7-4f2d-ba61-2fe8b3880592
timestamps:
  login: 1420064590883
  logout: 1420064614122
ipAddress: 74.179.235.11
logoutlocation:
  world: spawn
  x: 14.646431764529568
  y: 82.0
  z: -1236.985159460219
  yaw: -242.42355
  pitch: 8.249996
money: '30.0'
lastAccountName: lukedude1123
