uuid: 1482fe1e-f0c7-4473-9765-6dc8917f1714
timestamps:
  login: 1421522030952
  lastteleport: 1421522449555
  kits:
    pvp: 1421522313793
    novice: 1421522294440
    color: 1421522213277
  logout: 1421522466808
ipAddress: 70.26.118.66
lastlocation:
  world: spawn
  x: 12.668051596678296
  y: 102.0
  z: -243.71099727840192
  yaw: 239.34132
  pitch: 0.6072652
logoutlocation:
  world: spawn
  x: 12.90672738097999
  y: 94.0
  z: -240.60557890232255
  yaw: -122.69114
  pitch: 20.842836
money: '61.17750000000001'
lastAccountName: Creepin_Unicorn
