uuid: 14a02001-44da-4104-890e-086b5c65bac3
timestamps:
  login: 1420238391637
  lastteleport: 1420238641858
  logout: 1420238685028
ipAddress: 173.61.76.242
lastlocation:
  world: spawn
  x: 10.594323942372407
  y: 106.0
  z: -251.6014778574794
  yaw: 184.04901
  pitch: 4.0500665
logoutlocation:
  world: spawn
  x: 2.337948779702798
  y: 26.0
  z: -11.69999998807907
  yaw: -130.95036
  pitch: -1.0500228
lastAccountName: bloxman103
money: '30.0'
