uuid: 14fc73e6-d72a-4f0e-ad5c-9c149cefdba3
timestamps:
  login: 1418872327096
  lastteleport: 1418875711577
  kits:
    novice: 1418789980085
  logout: 1418876171256
ipAddress: 75.155.187.164
lastlocation:
  world: mines
  x: 269.47410036342757
  y: 57.0
  z: -8.298641730871578
  yaw: -359.85162
  pitch: 11.560148
money: '48378.94096153829'
logoutlocation:
  world: mines
  x: 122.07210604462162
  y: 63.0
  z: -11.779831478259386
  yaw: 17.48352
  pitch: 25.640316
lastAccountName: gdawg2003
