lastAccountName: Kylschildpad007
timestamps:
  login: 1421494522306
  lastteleport: 1421494851601
  kits:
    pvp: 1421323113980
    novice: 1421392247370
    color: 1421261548874
    adept: 1421261494211
  logout: 1421494951446
ipAddress: 84.107.13.228
lastlocation:
  world: spawn
  x: 4.172978315242848
  y: 106.0
  z: -242.2670150811308
  yaw: 91.59712
  pitch: 22.527826
money: '13346.841956521735'
logoutlocation:
  world: mines
  x: 245.09273534374054
  y: 64.0
  z: -21.752808375282402
  yaw: 72.57974
  pitch: 24.110876
