uuid: 15ca1b67-a87f-4ebd-a653-c136bd222dd6
timestamps:
  login: 1424287252424
  logout: 1424287382746
  lastteleport: 1424198590321
  kits:
    expert: 1424196548702
    novice: 1424198107007
    pvp: 1424196142965
    color: 1421294995377
    adept: 1421296467010
ipAddress: 99.50.201.223
logoutlocation:
  world: plotworld
  x: -2.5516911792416535
  y: 64.0
  z: -98.30000001192093
  yaw: -196.56625
  pitch: 8.40241
lastlocation:
  world: spawn
  x: 12.490292111920269
  y: 102.0
  z: -243.99867367789867
  yaw: 105.37076
  pitch: 6.7728367
money: '34188108.974999994'
godmode: false
nickname: Xn
lastAccountName: XnichibondX
