lastAccountName: artman116
timestamps:
  login: 1421791779068
  lastteleport: 1421792167968
  kits:
    expert: 1421790799603
    novice: 1420994490517
    pvp: 1421792163671
    color: 1420995679597
    adept: 1420995955557
  logout: 1421792366202
ipAddress: 81.157.38.52
lastlocation:
  world: spawn
  x: 6.0979133720375795
  y: 140.0
  z: -235.59379915306633
  yaw: -75.19926
  pitch: 14.1000595
money: '1298782.9400299992'
afk: false
logoutlocation:
  world: spawn
  x: -27.69999998807907
  y: 75.0
  z: -245.69999998807907
  yaw: -7.669782
  pitch: 34.950066
