uuid: 1637f4e9-2d23-4c8b-90fc-0235653c5a7f
timestamps:
  login: 1418444045498
  lastteleport: 1418445358956
  kits:
    novice: 1418444155716
  logout: 1418446062481
ipAddress: 174.89.31.111
lastlocation:
  world: spawn
  x: -2.022990246702453
  y: 55.0
  z: -0.8482323042228038
  yaw: -293.84863
  pitch: -90.0
logoutlocation:
  world: mines
  x: -14.497781356754786
  y: 48.0
  z: -12.653673765749712
  yaw: -92.99783
  pitch: -90.0
money: '246.5'
lastAccountName: benderfan
