lastAccountName: XRadioActiveX
timestamps:
  login: 1424487635474
  lastteleport: 1424488185138
  logout: 1424489953895
  kits:
    expert: 1424487731974
    novice: 1422742299026
    pvp: 1423264254657
    color: 1423347677476
    adept: 1423260565861
ipAddress: 184.18.79.87
lastlocation:
  world: spawn
  x: 5.300000011920929
  y: 10.20000004768372
  z: -242.60076097730897
  yaw: 84.44822
  pitch: 9.599931
logoutlocation:
  world: spawn
  x: 8.271834034738555
  y: 250.0
  z: -238.46095473736912
  yaw: 123.85199
  pitch: 17.368608
money: '30.0'
afk: false
