logoutlocation:
  world: spawn
  x: 0.7541939781286092
  y: 34.0
  z: 6.073412308826202
  yaw: -174.75008
  pitch: 9.45002
timestamps:
  logout: 1420709046052
  login: 1420708985186
money: '30.0'
uuid: 1707be03-0419-4cbc-8316-c112455a5b64
ipAddress: 141.136.214.161
lastAccountName: Marko104
