uuid: 177b31a1-e006-4187-aa8b-d58b1a812012
timestamps:
  login: 1418082668158
  lastteleport: 1418082766034
  kits:
    color: 1418012408932
    adept: 1418011918279
  logout: 1418082851517
ipAddress: 98.93.91.182
lastlocation:
  world: plotworld
  x: -31.908175839103286
  y: 65.0
  z: -15.705684820178451
  yaw: -271.05002
  pitch: 15.449999
afk: false
money: '72978.25'
logoutlocation:
  world: mines
  x: 243.8327318308561
  y: 48.0
  z: -12.349461585748944
  yaw: 85.05495
  pitch: 36.600002
lastAccountName: killshot369
