lastAccountName: Another_Try
timestamps:
  login: 1421759064569
  lastteleport: 1421759108207
  logout: 1421759138315
ipAddress: 89.14.71.104
lastlocation:
  world: spawn
  x: 0.5
  y: 29.0
  z: 20.5
  yaw: 359.6995
  pitch: -29.549994
logoutlocation:
  world: spawn
  x: -0.08702386933551585
  y: 107.0
  z: -244.82376450314894
  yaw: 87.14881
  pitch: 13.050068
money: '30.0'
