lastAccountName: CRAZYGUY20005
timestamps:
  login: 1424297207142
  lastteleport: 1424299701537
  kits:
    pvp: 1424297459710
    color: 1424299720156
  logout: 1424299728407
ipAddress: 88.106.26.84
lastlocation:
  world: spawn
  x: -2.0979802437562602
  y: 80.5
  z: -1237.4142673244933
  yaw: 88.47689
  pitch: -0.7500269
money: '2061.7017391304366'
logoutlocation:
  world: spawn
  x: 14.5
  y: 81.5
  z: -1237.5
  yaw: 116.226944
  pitch: 6.29997
