uuid: 1923e239-b6c3-4cd6-b153-710540b3a6b4
timestamps:
  login: 1423797061001
  logout: 1423797194958
  lastteleport: 1423797065172
  kits:
    expert: 1421980163076
    pvp: 1421980884540
    novice: 1419732818974
    color: 1419715156332
    adept: 1420598496350
ipAddress: 131.247.226.130
logoutlocation:
  world: world_the_end
  x: -201.38243501915383
  y: 56.0
  z: 6.6707546970777685
  yaw: -337.64987
  pitch: 50.850002
lastlocation:
  world: spawn
  x: 12.485605926586736
  y: 140.0
  z: -234.15769264715064
  yaw: 2.9507315
  pitch: 17.250038
money: '6155355.614565234'
lastAccountName: carebear933391
afk: false
