uuid: 198fc596-76a9-40e8-85bf-dc6ce5ce410e
timestamps:
  login: 1419423058494
  logout: 1419423131681
ipAddress: 24.192.20.160
logoutlocation:
  world: spawn
  x: 2.699999988079071
  y: 33.5
  z: 18.142033144148147
  yaw: -38.901474
  pitch: -5.3356223
money: '30.0'
lastAccountName: thewild1735
