uuid: 1996df2d-5c88-4a00-90aa-d3e3a7759d81
timestamps:
  login: 1419136152040
  lastteleport: 1419136615949
  kits:
    pvp: 1418884815196
    novice: 1418651600904
    color: 1418597506080
    adept: 1419136388386
  logout: 1419136733115
ipAddress: 67.185.224.101
lastlocation:
  world: plotworld
  x: 58.363825336903474
  y: 65.0
  z: -73.83239199540778
  yaw: 9.216
  pitch: 17.2032
money: '161592.10127647707'
logoutlocation:
  world: mines
  x: -4.763813771628806
  y: 63.0
  z: -7.138385108744828
  yaw: -134.7352
  pitch: 72.816025
lastAccountName: connorgreyson
