uuid: 19aae44f-4f39-4bf2-9d86-803430cb0bf8
timestamps:
  login: 1421554274501
  logout: 1421554337810
  lastteleport: 1416978295425
ipAddress: 76.111.203.27
money: '30.0'
logoutlocation:
  world: spawn
  x: 14.461826923640048
  y: 81.5
  z: -1237.536211174398
  yaw: 89.07641
  pitch: -0.450001
lastlocation:
  world: mines
  x: 520.4742014044002
  y: 63.0
  z: -14.292349314337006
  yaw: 198.30176
  pitch: 11.849992
lastAccountName: XxCreeperCornxX
