lastAccountName: Jesty209
timestamps:
  login: 1420312705279
  lastteleport: 1420313129878
  kits:
    pvp: 1420313097944
  logout: 1420313156382
ipAddress: 86.3.95.9
lastlocation:
  world: spawn
  x: 7.98856754309635
  y: 78.0
  z: -249.27091127787853
  yaw: 20.680252
  pitch: 6.600015
money: '46507.25'
logoutlocation:
  world: spawn
  x: -19.448492867098185
  y: 35.0
  z: -7.699999988079072
  yaw: 24.59937
  pitch: 2.5499923
