uuid: 1a065a49-f005-489d-a36b-0e4b7d43de08
timestamps:
  login: 1419043668001
  lastteleport: 1419044695666
  kits:
    novice: 1418572444762
    pvp: 1419020392342
    color: 1418573085473
    adept: 1418580558259
  logout: 1419044760271
ipAddress: 96.226.201.79
lastlocation:
  world: mines
  x: 208.5
  y: 61.0
  z: -23.5
  yaw: -25.947504
  pitch: -4.199987
money: '130006.59714046822'
logoutlocation:
  world: mines
  x: 189.15085883407465
  y: 63.0
  z: -15.699999988079075
  yaw: -29.298004
  pitch: 1.1466932
lastAccountName: guilboys
