uuid: 1a5ac683-d006-418a-a6a4-c8b3c43dd8ad
timestamps:
  login: 1418237383031
  lastteleport: 1418245918298
  kits:
    novice: 1418244806034
    pvp: 1418241664337
    color: 1418243435192
  logout: 1418245991982
ipAddress: 68.191.8.222
lastlocation:
  world: mines
  x: 74.36348932821475
  y: 58.5
  z: -12.030984971840557
  yaw: -98.39732
  pitch: 27.300009
money: '11946.996153846154'
afk: false
logoutlocation:
  world: mines
  x: 122.93880847958769
  y: 63.0
  z: -11.260417745128095
  yaw: -70.79758
  pitch: 14.249999
lastAccountName: xx_cooldude64_xx
