uuid: 1ac2a4f0-a97d-4ea5-ba05-fbb607df2c30
timestamps:
  login: 1418404013624
  logout: 1418404145191
ipAddress: 78.21.73.3
logoutlocation:
  world: spawn
  x: 0.32209126937865096
  y: 104.0
  z: 11.544870813815196
  yaw: -2.6992188
  pitch: 4.6500263
money: '30.0'
lastAccountName: snuffelcedric
