timestamps:
  lastteleport: 1418269003370
  kits:
    novice: 1418265778874
    alpha: 1417479520207
  logout: 1418269192368
  login: 1418265515555
lastlocation:
  world: spawn
  x: -0.311282266437627
  y: 36.0
  z: -22.2745601466144
  yaw: -356.20364
  pitch: -3.5301995
money: '7888.1500000000015'
logoutlocation:
  world: mines
  x: 158.87940596298935
  y: 63.0
  z: -5.718748316231869
  yaw: -163.12021
  pitch: 24.282923
uuid: 1ad7c06c-b206-4696-a7d7-e8088e11efd2
ipAddress: 98.231.42.146
lastAccountName: swampbuggie
