lastAccountName: InternetSuperior
timestamps:
  login: 1424629394865
  logout: 1424629488707
  lastteleport: 1424568580686
ipAddress: 50.153.132.140
logoutlocation:
  world: spawn
  x: 2.693456478777051
  y: 31.0
  z: -8.23066961543565
  yaw: -297.30023
  pitch: 32.25004
lastlocation:
  world: spawn
  x: 0.4583292909228476
  y: 29.0
  z: 52.70276880480182
  yaw: -0.45051193
  pitch: 6.600006
money: '30.0'
