lastAccountName: sebastianphin
timestamps:
  login: 1422281296547
  lastteleport: 1422282303722
  kits:
    pvp: 1422281978588
    novice: 1422281971467
  logout: 1422282344980
ipAddress: 75.94.81.190
lastlocation:
  world: spawn
  x: 12.57261637592581
  y: 104.5
  z: -240.18738234790047
  yaw: 178.04884
  pitch: 49.200066
logoutlocation:
  world: spawn
  x: -21.431459670697755
  y: 35.0
  z: -5.903278649241186
  yaw: 92.88451
  pitch: -34.54979
money: '92.0'
