lastAccountName: Diamond_Dragon_7
timestamps:
  login: 1424439779261
  lastteleport: 1424440170886
  logout: 1424440280962
  kits:
    expert: 1424440026854
    adept: 1424034419807
ipAddress: 99.88.130.203
lastlocation:
  world: mines
  x: 205.9461887903138
  y: 67.0
  z: -2.6825734439780966
  yaw: 0.82398075
  pitch: 12.208322
money: '6631456.283913043'
afk: false
logoutlocation:
  world: mines
  x: 239.49795781016485
  y: 62.0
  z: -6.547426326426869
  yaw: 211.00336
  pitch: -2.4407613
