uuid: 1c8dd008-b125-4763-8202-25090f1b68f8
timestamps:
  login: 1419996505542
  logout: 1419996521403
ipAddress: 98.193.174.20
logoutlocation:
  world: spawn
  x: 12.914454130621003
  y: 82.0
  z: -1230.8151254209763
  yaw: 37.7764
  pitch: 23.999992
money: '30.0'
lastAccountName: patrickshades
