uuid: 1caeb81c-3af6-47f4-aa76-85b272817cc0
timestamps:
  login: 1419373277968
  lastteleport: 1419373747153
  kits:
    pvp: 1419373431487
    novice: 1419373425636
  logout: 1419373774601
ipAddress: 72.75.241.164
lastlocation:
  world: spawn
  x: 33.412749968378655
  y: 81.0
  z: -1240.7050670900546
  yaw: -94.49315
  pitch: 6.293975
logoutlocation:
  world: spawn
  x: -0.6269357124623932
  y: 22.0
  z: -5.699999988079073
  yaw: 111.02805
  pitch: 42.62998
money: '20.0'
lastAccountName: alexk419
