lastAccountName: not_so_rawr
timestamps:
  login: 1423261677045
  lastteleport: 1423265323535
  kits:
    novice: 1423259655747
  logout: 1423265589080
ipAddress: 104.4.100.173
lastlocation:
  world: spawn
  x: 14.466876328689978
  y: 82.0
  z: -1235.1335460446849
  yaw: -224.5731
  pitch: 23.549961
logoutlocation:
  world: plotworld
  x: -91.65168859402668
  y: 65.0
  z: -63.73905045958777
  yaw: -353.39996
  pitch: 42.750034
money: '3439.9900000000002'
