uuid: 1d17e853-4261-443e-b6dc-d17ecd8c9fd7
timestamps:
  login: 1418446432564
  lastteleport: 1418446670757
  logout: 1418446738223
ipAddress: 71.180.40.96
money: '3183.75'
lastlocation:
  world: spawn
  x: -8.52931608602972
  y: 36.0
  z: -6.3481725776319164
  yaw: -89.98291
  pitch: -1.6354622
logoutlocation:
  world: mines
  x: 158.33754761794066
  y: 64.0
  z: -3.4397608765105034
  yaw: -169.4382
  pitch: 11.148929
lastAccountName: judeshenk
