lastAccountName: MrGames
timestamps:
  login: 1424216507161
  lastteleport: 1424216138017
  logout: 1424220382655
  kits:
    novice: 1424215434668
    pvp: 1424215423548
  mute: 0
ipAddress: 24.92.63.183
lastlocation:
  world: spawn
  x: 14.5
  y: 82.0
  z: -1237.5
  yaw: 89.826904
  pitch: 0.1499731
logoutlocation:
  world: spawn
  x: 14.5
  y: 81.5
  z: -1237.5
  yaw: 89.826904
  pitch: 0.1499731
money: '2038.98'
muted: false
afk: false
