lastAccountName: triggerhappyluke
timestamps:
  login: 1424544526287
  lastteleport: 1424544593414
  kits:
    novice: 1424544615433
  logout: 1424544646248
ipAddress: 82.25.242.112
lastlocation:
  world: spawn
  x: 0.3305776431216535
  y: 34.0
  z: 5.300000011920926
  yaw: -97.949974
  pitch: 50.850006
logoutlocation:
  world: spawn
  x: 0.38906327663601914
  y: 29.0
  z: 52.26190510393035
  yaw: 18.749472
  pitch: 45.59998
money: '30.0'
