uuid: 1d8b998d-044e-4f43-bb8c-538076c4a4dd
timestamps:
  login: 1419517061568
  lastteleport: 1419517161775
  logout: 1419517196613
ipAddress: 188.228.68.223
lastlocation:
  world: spawn
  x: -0.1704430689921801
  y: 34.0
  z: 8.77192508335493
  yaw: -166.04997
  pitch: 31.799988
logoutlocation:
  world: spawn
  x: 2.4133298813744544
  y: 30.0
  z: 54.04430856423609
  yaw: 153.74951
  pitch: 38.10001
money: '30.0'
lastAccountName: frederik806
