uuid: 1db12ca6-3405-489b-8be5-758dc25511c5
timestamps:
  login: 1420000734194
  lastteleport: 1420000796076
  logout: 1420000831341
ipAddress: 58.96.85.100
lastlocation:
  world: mines
  x: 26.372750942954116
  y: 63.0
  z: -10.5
  yaw: 90.002335
  pitch: 21.450006
money: '316.63'
logoutlocation:
  world: mines
  x: -9.447358262730685
  y: 65.0
  z: -19.458873451776142
  yaw: -14.209554
  pitch: 19.53515
lastAccountName: arkshoadow234
