uuid: 1e5a4b4e-f123-47dd-a95e-b4988e2e2f03
timestamps:
  login: 1417844209255
  logout: 1417844377165
ipAddress: 69.4.142.20
logoutlocation:
  world: spawn
  x: -2.3885123933759633
  y: 34.0
  z: 9.077043803979125
  yaw: -176.38202
  pitch: 30.01959
money: '30.0'
lastAccountName: reece6836
