uuid: 1f448072-39c4-4ae8-8f93-e36149c125f3
timestamps:
  login: 1419733520091
  logout: 1419733704540
ipAddress: 68.32.247.248
logoutlocation:
  world: spawn
  x: 1.1351920386144903
  y: 100.0
  z: -0.9116050961322102
  yaw: -182.0365
  pitch: 6.339264
money: '30.0'
lastAccountName: _bigdaddycaddy_
