lastAccountName: Sonicman9902
timestamps:
  login: 1421295666984
  lastteleport: 1421296304323
  logout: 1421297449447
ipAddress: 98.208.127.72
lastlocation:
  world: spawn
  x: 15.071955845745457
  y: 81.5
  z: -1257.6113996672457
  yaw: 148.85103
  pitch: 9.87143
money: '191222.72'
logoutlocation:
  world: plotworld
  x: -4.205047888272177
  y: 65.0
  z: 14.300000011920936
  yaw: -24.998362
  pitch: 25.275848
