uuid: 1f75b6b2-cdd0-407c-888a-f5fea88a285c
timestamps:
  login: 1421990374064
  logout: 1421990498740
ipAddress: 203.91.92.186
money: '30.0'
logoutlocation:
  world: spawn
  x: 0.48000859776491955
  y: 34.0
  z: 5.300000011920928
  yaw: -11.850053
  pitch: 39.450016
lastAccountName: snacky07
