lastAccountName: Jc_8795
timestamps:
  login: 1423809880900
  lastteleport: 1423810205176
  logout: 1423810257523
ipAddress: 73.46.20.12
lastlocation:
  world: world_the_end
  x: 11.9906451382214
  y: 64.0
  z: 19.603758254287428
  yaw: 157.79987
  pitch: 10.049995
money: '30925.0'
logoutlocation:
  world: spawn
  x: 4.300000011920929
  y: 86.0
  z: -238.2088998545881
  yaw: -304.0699
  pitch: 24.599998
