lastAccountName: FlamingClOwNHair
timestamps:
  login: 1424637252109
  lastteleport: 1424635960035
  logout: 1424637277751
ipAddress: 74.12.194.67
lastlocation:
  world: spawn
  x: 2.0656606202293597
  y: 34.0
  z: 5.300000011920928
  yaw: 47.100014
  pitch: 36.299984
logoutlocation:
  world: plotworld
  x: 84.30327925470192
  y: 69.0
  z: -104.23193211903559
  yaw: 281.8515
  pitch: 27.59999
money: '1368.8599999999997'
