lastAccountName: Domino_Warrior
timestamps:
  login: 1424561773485
  lastteleport: 1424563892128
  logout: 1424564080191
ipAddress: 75.174.31.47
lastlocation:
  world: plotworld
  x: 68.30000001192093
  y: 65.0
  z: 91.5759280649717
  yaw: 46.771545
  pitch: 31.734612
money: '295046.24999999994'
logoutlocation:
  world: plotworld
  x: 68.30000001192093
  y: 65.0
  z: 91.53890928799233
  yaw: 36.561756
  pitch: 28.20015
afk: false
