lastAccountName: ConMan21212
timestamps:
  login: 1421590279480
  logout: 1421590529143
ipAddress: 71.12.152.199
logoutlocation:
  world: spawn
  x: 0.7207453724603206
  y: 29.0
  z: 16.294710653858303
  yaw: 7.2001343
  pitch: 83.09998
money: '30.0'
