uuid: 216ff540-251e-4d4e-80f1-2ec2cf44863b
timestamps:
  login: 1418424465776
  lastteleport: 1418424532206
  logout: 1418424537625
ipAddress: 66.66.158.181
lastlocation:
  world: spawn
  x: 0.47666811839870865
  y: 34.0
  z: 5.871873443223147
  yaw: -182.73499
  pitch: 17.008945
logoutlocation:
  world: spawn
  x: 0.5808810110756895
  y: 29.0
  z: 27.486684827865986
  yaw: -0.5959643
  pitch: 2.0633268
money: '30.0'
lastAccountName: dubes17
