lastAccountName: Willper99
timestamps:
  login: 1424114384205
  logout: 1424114404091
ipAddress: 74.74.226.163
logoutlocation:
  world: spawn
  x: 14.461826923640048
  y: 81.5
  z: -1237.536211174398
  yaw: 88.92641
  pitch: -0.450001
money: '30.0'
