lastAccountName: mille1111
timestamps:
  login: 1423309821418
  logout: 1423309860899
ipAddress: 62.198.193.54
logoutlocation:
  world: spawn
  x: 0.13214349916422585
  y: 29.0
  z: 15.984084506311172
  yaw: 285.75058
  pitch: -16.499983
money: '30.0'
