uuid: 2306aa7f-4eab-4ef6-a7ac-1da440c6aa33
timestamps:
  login: 1416413890449
  kits:
    alpha: 1416413938109
  lastteleport: 1416415304277
  logout: 1416415540939
ipAddress: 121.6.58.119
lastlocation:
  world: spawn
  x: -1.0316444024944196
  y: 37.0
  z: -6.1939355073231805
  yaw: -141.75793
  pitch: 8.593307
money: '45.5'
logoutlocation:
  world: mines
  x: -13.687934889040267
  y: 63.0
  z: -17.6005889593226
  yaw: -90.00696
  pitch: 11.645209
lastAccountName: demiferum
