uuid: 235af718-2fcf-47ba-9057-51ef4b979522
timestamps:
  login: 1418946984497
  lastteleport: 1418948550174
  kits:
    pvp: 1418948395134
    novice: 1417651398261
    color: 1417580580776
    alpha: 1417580687148
    adept: 1418792328240
    stoner: 1417580692049
  logout: 1418948805419
ipAddress: 50.173.214.51
lastlocation:
  world: plotworld
  x: -24.05106450158951
  y: 68.0
  z: 9.231555322455439
  yaw: -325.64978
  pitch: 43.949947
money: '22054.77318840575'
logoutlocation:
  world: plotworld
  x: -23.93230920689802
  y: 65.0
  z: 7.1086327228036925
  yaw: 63.449036
  pitch: 28.649961
afk: false
nickname: §dfluffymuch
lastAccountName: fluffymuch
