uuid: 236382eb-6490-413b-864a-b5ea39009bf5
timestamps:
  login: 1418792258228
  logout: 1418792482112
ipAddress: 73.18.224.18
logoutlocation:
  world: spawn
  x: 0.5998558901090338
  y: 102.74241333191203
  z: -11.967741904372629
  yaw: -359.85046
  pitch: 1.3500036
money: '30.0'
lastAccountName: jts0601
