uuid: 239d5327-5e30-4ef1-9129-36d1ed63981a
timestamps:
  login: 1416410311083
  lastteleport: 1416410628962
  logout: 1416410921380
ipAddress: 50.138.79.156
lastlocation:
  world: spawn
  x: 0.225689085194321
  y: 34.0
  z: 7.572116268477062
  yaw: 189.75006
  pitch: -19.799929
logoutlocation:
  world: spawn
  x: 8.890007082825568
  y: 37.0
  z: -8.074999988079075
  yaw: 95.55289
  pitch: 21.599989
money: '30.0'
lastAccountName: minemaster627
