uuid: 23c75d06-2c22-4a19-b9af-ffc6dadc131b
timestamps:
  login: 1419933536772
  logout: 1419933604321
ipAddress: 74.201.57.36
logoutlocation:
  world: spawn
  x: 12.217370233305152
  y: 82.0
  z: -1237.2564907710012
  yaw: -72.47336
  pitch: 18.150003
money: '30.0'
lastAccountName: riankolbi51
