uuid: 2438f0ce-3690-4f55-ac54-c1caf1dfc5ee
timestamps:
  login: 1422702792050
  lastteleport: 1422704447120
  kits:
    novice: 1422639969789
    pvp: 1422644455916
    alpha: 1415896493190
    adept: 1422702921677
  logout: 1422704513536
ipAddress: 5.68.116.241
lastlocation:
  world: mines
  x: 273.9529506412116
  y: 63.0
  z: -7.706236770282786
  yaw: -188.24776
  pitch: 20.99993
money: '66977.28499999997'
logoutlocation:
  world: spawn
  x: 1.011990141720478
  y: 124.5
  z: -249.8057407296474
  yaw: -36.19989
  pitch: 9.149994
lastAccountName: Pheonixster
