uuid: 24a567a1-9f93-48fd-922c-0f94e72798e0
timestamps:
  login: 1419240713018
  lastteleport: 1419240868389
  logout: 1419241356646
ipAddress: 94.145.4.112
lastlocation:
  world: spawn
  x: -0.39106033982299515
  y: 37.0
  z: -6.628358059618655
  yaw: 210.4532
  pitch: 21.899973
logoutlocation:
  world: spawn
  x: -1.6098051738608705
  y: 33.0
  z: -27.835426367412055
  yaw: -198.14957
  pitch: 17.849966
money: '30.5'
lastAccountName: basse8902
