uuid: 24a8d322-5888-4f24-91ad-196a7caf11df
timestamps:
  login: 1416414446961
  lastteleport: 1416414577692
  kits:
    alpha: 1416414595983
  logout: 1416414958104
ipAddress: 2.30.179.192
lastlocation:
  world: spawn
  x: 0.14042697267442533
  y: 34.0
  z: 7.957358464315802
  yaw: -174.75116
  pitch: -18.599934
money: '113.0'
logoutlocation:
  world: spawn
  x: -22.864302479765385
  y: 35.0
  z: -6.291875758347201
  yaw: -265.9475
  pitch: -17.699966
lastAccountName: chaserzgamer
