uuid: 24bcbadc-9bb0-421b-891d-6c3375feb9c0
timestamps:
  login: 1416314039756
  logout: 1416314076567
  lastteleport: 1416306483147
  kits:
    alpha: 1416306489761
ipAddress: 112.207.146.15
logoutlocation:
  world: spawn
  x: -6.768429594553835
  y: 37.0
  z: -7.666296562699193
  yaw: -273.39294
  pitch: 23.009731
lastlocation:
  world: spawn
  x: 1.3322118577272395
  y: 34.0
  z: 9.021484584817697
  yaw: -42.96039
  pitch: 9.811399
money: '50.0'
lastAccountName: kayzer614
