uuid: 24d15988-df0c-42d6-91ec-739b37adfd64
timestamps:
  login: 1417128544608
  lastteleport: 1417128660980
  kits:
    alpha: 1417128694163
  logout: 1417128726574
ipAddress: 75.131.212.120
lastlocation:
  world: spawn
  x: 2.230566724764051
  y: 106.5
  z: -242.5294398185392
  yaw: -336.85217
  pitch: 9.26318
logoutlocation:
  world: spawn
  x: -18.319476744417848
  y: 35.0
  z: -6.113271488779301
  yaw: 87.80322
  pitch: 16.001759
money: '30.5'
lastAccountName: protagorasgaming
