lastAccountName: moneyshot4u64
timestamps:
  login: 1422397608666
  lastteleport: 1422399225464
  kits:
    pvp: 1422397969939
    novice: 1422397945435
  logout: 1422399313787
ipAddress: 69.133.27.165
money: '10455.0'
lastlocation:
  world: mines
  x: 160.2427985651643
  y: 57.0
  z: -10.919381974280435
  yaw: -147.06699
  pitch: 28.285168
logoutlocation:
  world: spawn
  x: 0.7699889800831273
  y: 37.0625
  z: -8.097057740206713
  yaw: -148.5077
  pitch: -8.327727
