lastAccountName: DJ_Khaled
timestamps:
  login: 1424053917295
  logout: 1424053933895
ipAddress: 184.169.55.41
logoutlocation:
  world: spawn
  x: 7.366580999932692
  y: 82.0
  z: -1237.4838140285083
  yaw: 89.07641
  pitch: 3.850799
money: '30.0'
