lastAccountName: AdamJson
timestamps:
  login: 1420627219288
  lastteleport: 1420627277163
  logout: 1420627427281
ipAddress: 90.230.89.163
lastlocation:
  world: spawn
  x: -6.432203660365358
  y: 42.0
  z: -17.006633383118306
  yaw: -98.6984
  pitch: 12.0
logoutlocation:
  world: spawn
  x: 16.54968406806043
  y: 82.0
  z: -1245.2869977815828
  yaw: 344.82675
  pitch: 45.599995
money: '30.0'
