lastAccountName: lukasos0430
timestamps:
  login: 1424476591770
  logout: 1424476614524
  lastteleport: 1424390190757
ipAddress: 76.23.214.45
money: '35.0'
logoutlocation:
  world: spawn
  x: 0.29582185979077347
  y: 29.0
  z: 15.129492097740314
  yaw: 227.70012
  pitch: -90.0
lastlocation:
  world: spawn
  x: 12.34173078848757
  y: 94.0
  z: -236.57898758251122
  yaw: 12.299373
  pitch: -42.74995
