uuid: 25963bad-429c-4f01-990d-9fe3305a05f8
timestamps:
  login: 1419491915712
  logout: 1419492171260
  lastteleport: 1419491925237
ipAddress: 32.213.208.188
logoutlocation:
  world: spawn
  x: 0.3904676125057449
  y: 29.0
  z: 44.66810896225693
  yaw: 0.58587646
  pitch: 6.199647
lastlocation:
  world: spawn
  x: 19.095923108676896
  y: 82.0
  z: -1237.6463918118022
  yaw: -125.42134
  pitch: -0.4500057
money: '30.0'
lastAccountName: xblazetech
