lastAccountName: MattandAndrew
timestamps:
  login: 1422633573859
  logout: 1422634952597
  lastteleport: 1422634875546
ipAddress: 73.38.226.175
logoutlocation:
  world: spawn
  x: 0.7678543167469192
  y: 33.0
  z: -37.754714580017314
  yaw: 245.99974
  pitch: 24.44999
money: '30.0'
lastlocation:
  world: spawn
  x: 14.381793203842717
  y: 106.0
  z: -235.7778740099282
  yaw: -328.35028
  pitch: 13.050004
