lastAccountName: TheBadguys4
timestamps:
  login: 1422438843572
  lastteleport: 1422427795614
  kits:
    pvp: 1422427402664
    novice: 1422427388111
  logout: 1422438862256
ipAddress: 203.122.195.207
lastlocation:
  world: spawn
  x: 0.5441813806581587
  y: 32.0
  z: -3.02905217059422
  yaw: 1.9486176
  pitch: 0.45006406
logoutlocation:
  world: spawn
  x: 11.793813486120172
  y: 106.0
  z: -251.63976624711637
  yaw: 64.04892
  pitch: 33.900005
money: '40.0'
