lastAccountName: DetrightGaming
timestamps:
  login: 1421687780356
  lastteleport: 1421688204747
  logout: 1421688323200
ipAddress: 91.179.223.253
lastlocation:
  world: spawn
  x: 10.412192597446353
  y: 106.0
  z: -252.7509600668821
  yaw: -177.18794
  pitch: 10.602175
money: '189.45'
logoutlocation:
  world: spawn
  x: 2.9888150620701124
  y: 55.0
  z: -9.723658422493456
  yaw: 197.22247
  pitch: 17.431936
