uuid: 271dc04c-d3c9-4a6c-8586-d917fb932342
timestamps:
  login: 1419472569908
  lastteleport: 1419475463352
  kits:
    novice: 1419458750968
    pvp: 1419459301012
    color: 1419459279305
    adept: 1419472933493
  logout: 1419475804475
ipAddress: 75.65.77.187
lastlocation:
  world: plotworld
  x: 2.331466645785681
  y: 66.0
  z: 10.934061029256377
  yaw: 255.11769
  pitch: 16.135078
money: '595508.9994565217'
logoutlocation:
  world: mines
  x: 632.3000000119209
  y: 61.0
  z: -12.734657590183396
  yaw: 1.716919
  pitch: 31.41995
afk: false
lastAccountName: groovycreeper
