uuid: 2745d18f-a8c1-40ee-893e-5501f402e088
timestamps:
  login: 1418321609139
  lastteleport: 1418321698607
  logout: 1418321701224
ipAddress: 86.152.137.166
lastlocation:
  world: spawn
  x: 12.699999988079071
  y: 102.0
  z: -244.74512445390124
  yaw: 79.79892
  pitch: 6.0000806
logoutlocation:
  world: plotworld
  x: -7.915924237626395
  y: 67.0
  z: 8.521186754456721
  yaw: 88.94996
  pitch: -18.29999
money: '30.0'
lastAccountName: eagle_95
