uuid: 27938f9a-5e17-4504-a369-932b23c4e57f
timestamps:
  login: 1420169068000
  lastteleport: 1420169328368
  kits:
    pvp: 1419993062251
    novice: 1419775490796
    color: 1420076150501
    adept: 1420003951826
  logout: 1420169604731
ipAddress: 70.101.97.119
lastlocation:
  world: mines
  x: 409.5
  y: 67.0
  z: -19.5
  yaw: 0.15240015
  pitch: 0.60002166
money: '1048632.6330797086'
logoutlocation:
  world: plotworld
  x: -54.489065939600074
  y: 66.0
  z: 74.30000001192093
  yaw: 189.8999
  pitch: 41.399967
lastAccountName: simplyosara
