timestamps:
  lastteleport: 1419022042084
  logout: 1419022052161
lastlocation:
  world: spawn
  x: 0.7700884766345166
  y: 32.0
  z: -2.178064817717522
  yaw: 4.048597
  pitch: 8.100017
logoutlocation:
  world: spawn
  x: 24.93748801677001
  y: 114.0
  z: -246.19018671642803
  yaw: -198.15117
  pitch: 30.450077
money: '45.0'
lastAccountName: xpvs359
