uuid: 27f428e1-0d77-49a6-9998-9a62a77ff8bd
timestamps:
  login: 1416409686796
  lastteleport: 1416409770891
  logout: 1416409935411
ipAddress: 173.88.134.231
lastlocation:
  world: spawn
  x: 0.11743212778494269
  y: 34.0
  z: 6.711768982832561
  yaw: -176.29675
  pitch: -24.569326
money: '30.0'
logoutlocation:
  world: spawn
  x: 1.5844265005634592
  y: 37.0
  z: -7.944048583441768
  yaw: -46.744873
  pitch: 5.461245
lastAccountName: nichomacus
