uuid: 28578936-9753-4d58-80e4-1a5aafd4b4f3
timestamps:
  login: 1419908353918
  logout: 1419908560445
  lastteleport: 1419908291696
  kits:
    pvp: 1419908252349
ipAddress: 162.205.200.143
logoutlocation:
  world: spawn
  x: -23.606548294063305
  y: 35.0
  z: -6.479821950207249
  yaw: -29.851446
  pitch: 90.0
lastlocation:
  world: spawn
  x: 0.5530904372680305
  y: 29.0
  z: 53.46835372821269
  yaw: 0.59948844
  pitch: 7.6500216
money: '30.0'
lastAccountName: krishancreate
