timestamps:
  lastteleport: 1418781861967
  kits:
    novice: 1418781427963
  logout: 1418781897471
lastlocation:
  world: spawn
  x: -22.758469046936035
  y: 35.5
  z: -5.135227492590447
  yaw: -1.651471
  pitch: -6.599965
logoutlocation:
  world: spawn
  x: 2.879405374384401
  y: 55.0
  z: -7.464476743344428
  yaw: 226.05159
  pitch: 22.65
money: '12.5'
lastAccountName: embeddedsolid4
