uuid: 29399753-021b-4c12-ac25-725063479b36
timestamps:
  login: 1419908396404
  logout: 1419908402511
ipAddress: 75.166.209.146
logoutlocation:
  world: spawn
  x: -0.3627138299549886
  y: 101.0
  z: -9.616813385093698
  yaw: -0.38047576
  pitch: 7.393615
money: '30.0'
lastAccountName: scottmadden
