uuid: 295446d7-1341-4243-b2ea-714e4889d33a
timestamps:
  login: 1419487303765
  logout: 1419487327166
  lastteleport: 1419487320067
  kits:
    novice: 1419486679167
    pvp: 1419486669866
    color: 1419487223181
ipAddress: 75.25.129.50
logoutlocation:
  world: spawn
  x: -20.53720202469359
  y: 75.0
  z: -241.39753382372862
  yaw: -87.31973
  pitch: 14.700008
lastlocation:
  world: spawn
  x: -0.5125761363736603
  y: 80.5
  z: -1237.252668550095
  yaw: 92.976906
  pitch: 16.349974
money: '160.5975'
lastAccountName: redstone_p0t4t0
