uuid: 295ceb4c-97c4-4416-a78f-cbb490947009
timestamps:
  login: 1419990741504
  logout: 1419990759297
ipAddress: 172.251.251.218
logoutlocation:
  world: spawn
  x: 0.8500982728538993
  y: 100.0
  z: -0.1327424016739968
  yaw: -85.8
  pitch: 24.59999
money: '30.0'
lastAccountName: jacobb9429
