uuid: 297359f8-584e-4c33-857e-b18fea7bcbfc
timestamps:
  login: 1419832092561
  logout: 1419832123312
ipAddress: 220.253.75.128
logoutlocation:
  world: spawn
  x: 1.0042139061816737
  y: 100.0
  z: 1.857673037144606
  yaw: 0.0
  pitch: 0.0
money: '30.0'
lastAccountName: dark_horse123
