uuid: 29c6397c-3276-4704-9f00-fe0430785308
timestamps:
  login: 1419832061921
  logout: 1419832120795
ipAddress: 179.26.232.161
logoutlocation:
  world: spawn
  x: 0.39518547342634847
  y: 29.0
  z: 15.64100922214454
  yaw: -125.820786
  pitch: -7.463981
money: '30.0'
lastAccountName: valorals
