lastAccountName: Bella_Baker
timestamps:
  login: 1423850075200
  lastteleport: 1423850745337
  logout: 1423850895855
ipAddress: 75.97.194.133
lastlocation:
  world: parkour
  x: -6.579346441083485
  y: 81.0
  z: 0.4195478262845427
  yaw: 91.15001
  pitch: 3.8000004
logoutlocation:
  world: mines
  x: 46.03848286532569
  y: 61.0
  z: -12.53023206407634
  yaw: -11.397705
  pitch: 41.550053
money: '342.21000000000004'
