uuid: 2a0909db-92ce-436b-8222-44f2199e615d
timestamps:
  login: 1422281685537
  lastteleport: 1421683107379
  kits:
    pvp: 1421682353061
    novice: 1420551587398
    color: 1419454157555
    adept: 1421682341857
  logout: 1422281689786
ipAddress: 71.62.116.28
lastlocation:
  world: mines
  x: 101.99429846775361
  y: 63.5
  z: -2.9086238464961847
  yaw: 43.052666
  pitch: -10.349985
money: '96518.6405874058'
logoutlocation:
  world: spawn
  x: 14.5
  y: 81.5
  z: -1237.5
  yaw: 103.176926
  pitch: 61.499966
lastAccountName: msterpenguin
