timestamps:
  lastteleport: 1419020591323
  kits:
    novice: 1418579810489
    pvp: 1418856625735
    color: 1418573147477
    adept: 1419018666634
  logout: 1419021253943
  login: 1419020815664
lastlocation:
  world: mines
  x: 45.248247279267716
  y: 63.0
  z: -4.65959177776492
  yaw: 159.37282
  pitch: 5.0038285
logoutlocation:
  world: spawn
  x: 0.25933069372398354
  y: 34.0
  z: 7.94462112504503
  yaw: -162.32007
  pitch: 18.242884
uuid: 2a75c92e-64ab-486e-902c-87ee813384f1
ipAddress: 24.225.134.131
money: '80637.12053511705'
lastAccountName: kylepez
