uuid: 2b006a42-7ec1-433c-a781-0d8ab97b104c
timestamps:
  login: 1419862775843
  lastteleport: 1419862847763
  logout: 1419862900592
ipAddress: 123.3.40.130
lastlocation:
  world: spawn
  x: 0.5021366079804327
  y: 29.5
  z: 53.95093781572523
  yaw: 0.11906018
  pitch: 27.721743
logoutlocation:
  world: spawn
  x: -20.54221783023978
  y: 35.0
  z: -6.554479034749049
  yaw: -78.54473
  pitch: 14.801401
money: '30.0'
lastAccountName: bigmick88
