lastAccountName: im_calum
timestamps:
  login: 1420970420623
  lastteleport: 1420970518194
  logout: 1420970536417
ipAddress: 86.134.10.36
lastlocation:
  world: spawn
  x: 0.6999999880790712
  y: 32.0
  z: -1.2990040793083586
  yaw: -354.39
  pitch: 11.375444
logoutlocation:
  world: spawn
  x: 6.468625486492494
  y: 106.0
  z: -241.75693144348028
  yaw: -241.26248
  pitch: 16.919233
money: '30.0'
