lastAccountName: master_niko
timestamps:
  login: 1421648860629
  lastteleport: 1421651167325
  kits:
    pvp: 1421649290122
    novice: 1421649096953
    color: 1421649681424
    adept: 1421650703890
  logout: 1421651208528
ipAddress: 99.162.144.30
lastlocation:
  world: mines
  x: 127.68246502458197
  y: 51.0
  z: -12.008802854656194
  yaw: -255.19257
  pitch: 3.7007685
money: '20694.137499999997'
logoutlocation:
  world: spawn
  x: 13.336117087924022
  y: 123.0
  z: -234.719544432911
  yaw: 159.73004
  pitch: 3.3744042
