uuid: 2ba6b9ae-023b-44a6-8ff7-6a7d960b717b
timestamps:
  login: 1419650996063
  logout: 1419651013007
ipAddress: 24.74.112.192
logoutlocation:
  world: spawn
  x: 7.478535169797627
  y: 82.0
  z: -1237.571960599098
  yaw: 89.85977
  pitch: 6.7960796
money: '30.0'
lastAccountName: agentkb11
