lastAccountName: funkymunkey02
timestamps:
  login: 1422116036805
  logout: 1422116071962
ipAddress: 216.254.228.141
logoutlocation:
  world: spawn
  x: 21.64023692014683
  y: 81.0
  z: -1254.6928743124395
  yaw: 348.18622
  pitch: 8.531994
money: '30.0'
