uuid: 2c048166-011f-410d-bab9-3d4d9b694620
timestamps:
  login: 1418769478406
  lastteleport: 1418769820915
  logout: 1418769846644
ipAddress: 71.74.226.227
lastlocation:
  world: spawn
  x: 0.5659307888250383
  y: 29.0
  z: 52.41275231700495
  yaw: -3.0005112
  pitch: 1.9499993
money: '30.0'
logoutlocation:
  world: spawn
  x: 17.359137802536644
  y: 36.0
  z: -5.726597857336384
  yaw: -95.85056
  pitch: 18.750004
lastAccountName: shortyadams
