lastAccountName: merro9797
timestamps:
  login: 1422188103101
  logout: 1422188112101
ipAddress: 81.233.221.241
logoutlocation:
  world: spawn
  x: 13.196825978182378
  y: 82.0
  z: -1237.524467754536
  yaw: 88.452095
  pitch: 4.873075
money: '30.0'
