lastAccountName: jivamarco
timestamps:
  login: 1421502236783
  lastteleport: 1421505463217
  logout: 1421505707925
  kits:
    pvp: 1420899107230
ipAddress: 77.106.145.107
lastlocation:
  world: spawn
  x: 1.6999999880790708
  y: 55.0
  z: 9.387080102165317
  yaw: 73.05169
  pitch: 33.600002
logoutlocation:
  world: spawn
  x: -2.7105826069596053
  y: 37.0
  z: -5.022850954468151
  yaw: 134.39983
  pitch: 23.549997
money: '70.25'
