uuid: 2d4415e2-d043-4bed-bd91-d64c3a809dfc
timestamps:
  login: 1419999342654
  logout: 1419999410356
ipAddress: 85.9.20.147
logoutlocation:
  world: spawn
  x: 14.461826923640048
  y: 81.5
  z: -1237.536211174398
  yaw: 89.07641
  pitch: -0.450001
money: '30.0'
lastAccountName: ptysiek1
