lastAccountName: sonicjetx4
timestamps:
  login: 1423377085940
  lastteleport: 1423377155210
  logout: 1423377207405
ipAddress: 72.0.186.77
lastlocation:
  world: spawn
  x: 0.748828167328611
  y: 29.0
  z: 52.74982365574789
  yaw: 4.649488
  pitch: 5.1000056
logoutlocation:
  world: spawn
  x: 6.224263106463203
  y: 82.0
  z: -1235.5840405115266
  yaw: 64.62691
  pitch: 7.0499744
money: '30.0'
