uuid: 2d660b19-d539-4449-aaa0-9952e40525d7
timestamps:
  login: 1420081142481
  lastteleport: 1420083497798
  kits:
    novice: 1420081187015
ipAddress: 71.57.216.144
lastlocation:
  world: spawn
  x: 23.71754032518664
  y: 114.0
  z: -243.65164733521738
  yaw: 26.848822
  pitch: 26.70007
money: '131.12'
lastAccountName: _lane_the_game_
