lastAccountName: ruankuypers
timestamps:
  login: 1420720749883
  lastteleport: 1420721463453
  logout: 1420721614295
ipAddress: 197.78.188.135
lastlocation:
  world: spawn
  x: 19.347405887568296
  y: 35.0
  z: -2.3000000119209285
  yaw: 358.30438
  pitch: 2.8310971
logoutlocation:
  world: spawn
  x: 19.173275332020125
  y: 79.0
  z: -242.83512002323457
  yaw: 2.6306458
  pitch: -25.47607
money: '157.34'
