uuid: 2d755039-790c-409d-b4a8-1dd1fd45bcc7
timestamps:
  login: 1420037872491
  logout: 1420038127527
  lastteleport: 1420038024842
  kits:
    pvp: 1420037988433
    novice: 1420037981623
ipAddress: 74.133.195.32
logoutlocation:
  world: spawn
  x: 2.3000000119209307
  y: 78.0
  z: -249.56664355823492
  yaw: 30.430346
  pitch: 58.04993
lastlocation:
  world: spawn
  x: 0.2994433620234067
  y: 29.0
  z: 30.244181399314424
  yaw: -3.3005097
  pitch: 43.050003
money: '273.17'
lastAccountName: minecraft_fan6
