lastAccountName: underarmorz
timestamps:
  login: 1421385590585
  lastteleport: 1421385690773
  logout: 1421385772087
ipAddress: 99.41.161.215
lastlocation:
  world: spawn
  x: 0.3031364996687434
  y: 29.0
  z: 52.84615205436238
  yaw: -2.8505
  pitch: 5.700007
logoutlocation:
  world: spawn
  x: -5.29130569785803
  y: 37.0
  z: -5.954588884179743
  yaw: -47.847168
  pitch: -1.2000263
money: '30.0'
