lastAccountName: XSmashaX
timestamps:
  login: 1420450908315
  logout: 1420450922384
ipAddress: 220.239.44.152
logoutlocation:
  world: spawn
  x: 6.471897357623512
  y: 82.0
  z: -1237.4037083639328
  yaw: 90.42638
  pitch: 16.200003
money: '30.0'
