uuid: 2e161a93-6d33-469f-ae54-e299612070be
timestamps:
  login: 1424109930180
  kits:
    pvp: 1417854278652
    alpha: 1416315426606
    stoner: 1417100386757
  lastteleport: 1424110128260
  logout: 1424110305261
ipAddress: 85.65.52.83
lastlocation:
  world: mines
  x: 249.30000001192093
  y: 61.0
  z: -19.09057325870126
  yaw: 6.9052734
  pitch: 9.450076
money: '363417.8714938682'
logoutlocation:
  world: plotworld
  x: 57.21738020988762
  y: 65.5
  z: -93.30000001192093
  yaw: 15.150049
  pitch: 55.65
nickname: ยง3BoggatiMC
lastAccountName: Boggati
