uuid: 2e24e272-6a98-4a37-8d70-bd2f2dbff966
timestamps:
  login: 1418317066000
  lastteleport: 1418317130288
  kits:
    pvp: 1418317159276
  logout: 1418317176177
ipAddress: 86.132.250.240
lastlocation:
  world: spawn
  x: 0.6854795280923397
  y: 34.0
  z: 8.499298820320075
  yaw: -170.46588
  pitch: 2.4366121
logoutlocation:
  world: spawn
  x: 0.32460881109612166
  y: 29.0
  z: 37.84158968462387
  yaw: -2.1461108
  pitch: 20.486248
money: '30.0'
lastAccountName: george0110
