lastAccountName: Jofsuch_Belgian
timestamps:
  login: 1423411130388
  lastteleport: 1422205883330
  logout: 1423411239883
ipAddress: 81.82.118.158
lastlocation:
  world: spawn
  x: 0.47325602339966544
  y: 29.0
  z: 52.83398499016248
  yaw: 358.49957
  pitch: -2.549996
money: '46.0'
logoutlocation:
  world: spawn
  x: 0.508506451712732
  y: 32.0
  z: -34.30000001192093
  yaw: 17.849762
  pitch: 58.499863
