uuid: 2f1d0e77-a45f-4f56-b343-8d8885ff314e
timestamps:
  login: 1419915775819
  lastteleport: 1419915956150
ipAddress: 96.42.229.109
lastlocation:
  world: spawn
  x: 12.017651498970217
  y: 106.0
  z: -252.48937754858878
  yaw: 133.7799
  pitch: 6.791728
money: '30.0'
lastAccountName: staticbros
