lastAccountName: Two_Godly_Nerdz
timestamps:
  login: 1421594079536
  logout: 1421594086108
ipAddress: 68.13.76.196
logoutlocation:
  world: spawn
  x: 14.461826923640048
  y: 81.5
  z: -1237.536211174398
  yaw: 89.07641
  pitch: -0.450001
money: '30.0'
