lastAccountName: Kegjam
timestamps:
  login: 1423519791476
  lastteleport: 1423520474423
  kits:
    pvp: 1423507980168
    adept: 1423507536159
  logout: 1423520615794
ipAddress: 207.210.9.245
lastlocation:
  world: plotworld
  x: 56.61134450756886
  y: 65.0
  z: -7.622891186548493
  yaw: -113.55001
  pitch: 16.949986
money: '4911607.79'
logoutlocation:
  world: plotworld
  x: 48.53410994694125
  y: 65.0
  z: -5.966846902261772
  yaw: 76.200005
  pitch: -24.899996
