uuid: 2f7bde19-1d31-47a6-a8a7-d6051f201abc
timestamps:
  login: 1416410650975
  logout: 1416410733656
ipAddress: 50.138.79.156
logoutlocation:
  world: spawn
  x: 0.5998558901090338
  y: 102.74241333191203
  z: -11.967741904372629
  yaw: -359.85046
  pitch: 1.3500036
money: '30.0'
lastAccountName: mr_banana47
