uuid: 2fc4b1f0-412f-4074-bb0e-0fd17afcb11a
timestamps:
  login: 1418184948082
  lastteleport: 1418011526761
  logout: 1418185017052
ipAddress: 104.36.135.93
lastlocation:
  world: spawn
  x: 10.19102120852581
  y: 106.0
  z: -252.48227102734944
  yaw: -180.29987
  pitch: 1.0499483
logoutlocation:
  world: spawn
  x: 2.699999988079071
  y: 28.0
  z: -3.30000001192093
  yaw: 306.899
  pitch: -49.65
money: '30.0'
lastAccountName: killer901459
