lastAccountName: zukofire1
timestamps:
  login: 1422888200388
  lastteleport: 1422889489577
  logout: 1422889609207
ipAddress: 74.97.47.148
lastlocation:
  world: plotworld
  x: -25.15868059855319
  y: 65.0
  z: -85.77217702403436
  yaw: -81.74747
  pitch: 53.549988
money: '659782.2500000006'
logoutlocation:
  world: mines
  x: 685.6999999880791
  y: 68.0
  z: -3.695718952666911
  yaw: 346.3545
  pitch: 22.649986
