uuid: 30b3b05d-a3d1-4f36-a73b-228542cf9f02
timestamps:
  login: 1420080142206
  lastteleport: 1420083287553
  kits:
    pvp: 1420082048509
ipAddress: 184.146.217.212
lastlocation:
  world: mines
  x: -11.70123784639896
  y: 63.0
  z: -18.223317993145514
  yaw: -91.347435
  pitch: -0.7499857
money: '3942.102608695652'
lastAccountName: awesomekiller121
