uuid: 30e3cbd0-4766-404d-b5fc-5e1c77cc4b3c
timestamps:
  login: 1419725322408
  lastteleport: 1419651870869
  logout: 1419725344662
ipAddress: 50.129.4.174
lastlocation:
  world: spawn
  x: 0.4725201049441239
  y: 29.0
  z: 53.290982852045005
  yaw: 0.14956665
  pitch: 0.30000347
logoutlocation:
  world: spawn
  x: 0.09357380679654681
  y: 26.0
  z: -4.433515865899809
  yaw: 229.94786
  pitch: -5.9999585
money: '67.39'
lastAccountName: xdrobotthefoxx
