lastAccountName: CostlessCone73
timestamps:
  login: 1421598293566
  logout: 1421598310399
ipAddress: 68.42.246.70
logoutlocation:
  world: spawn
  x: 12.818730550636717
  y: 82.0
  z: -1237.5099743841647
  yaw: -66.66073
  pitch: -7.5512223
money: '30.0'
