lastAccountName: TSGregard21
timestamps:
  login: 1420543599951
  lastteleport: 1420544134015
  logout: 1420544148367
ipAddress: 81.233.168.36
lastlocation:
  world: spawn
  x: 10.428101070756776
  y: 33.0
  z: -35.01666089555343
  yaw: -24.150764
  pitch: 28.799982
money: '6.0'
logoutlocation:
  world: spawn
  x: 0.19214263332794546
  y: 55.0
  z: 7.365815105280112
  yaw: -176.09839
  pitch: 9.449996
