uuid: 31e7290f-3900-4f45-8cec-81178e8eedc9
timestamps:
  login: 1417845640913
  logout: 1417845650613
ipAddress: 79.141.172.14
logoutlocation:
  world: spawn
  x: 0.592068800430575
  y: 100.0
  z: -4.268076056392703
  yaw: -359.85046
  pitch: 1.3500036
money: '30.0'
lastAccountName: 13pokedude
