uuid: 31fb4593-d72e-4114-97fd-96d903a37eef
timestamps:
  login: 1419703557732
  logout: 1419703641190
ipAddress: 65.25.184.60
logoutlocation:
  world: spawn
  x: 0.6906879028756521
  y: 101.00000000476837
  z: -11.006245704235475
  yaw: 20.848255
  pitch: 23.723877
money: '30.0'
lastAccountName: minecraftderp15
