uuid: 3207273e-2489-49b9-835b-1186b924f950
timestamps:
  login: 1422240162771
  lastteleport: 1418692766889
  logout: 1422240168981
ipAddress: 97.80.84.90
lastlocation:
  world: spawn
  x: 0.6304723065877029
  y: 32.0
  z: -2.239764495994696
  yaw: 13.499366
  pitch: 4.4999843
logoutlocation:
  world: spawn
  x: 11.586202277583954
  y: 82.0
  z: -1237.527001978693
  yaw: 89.07641
  pitch: -0.450001
money: '30.0'
lastAccountName: wyatteiden
