uuid: 322c5d39-4c5a-4d84-8593-d0c469eb903e
timestamps:
  login: 1418266871941
  logout: 1418266896260
ipAddress: 210.86.73.80
logoutlocation:
  world: spawn
  x: 0.5231399728698354
  y: 101.1707870772188
  z: 3.9509480366657215
  yaw: -354.90054
  pitch: -0.74999636
money: '30.0'
lastAccountName: aidenskyarmy
