uuid: 32c57797-9a72-4364-a2d2-3c64b47658d7
timestamps:
  login: 1417845152297
  logout: 1417845172837
ipAddress: 79.141.162.19
logoutlocation:
  world: spawn
  x: 0.5873860246691085
  y: 100.0
  z: -0.41407537560753804
  yaw: -359.85046
  pitch: 1.3500036
money: '30.0'
lastAccountName: fearsome1407
