uuid: 3313194c-f0b4-4a84-a75c-8285f4dfc1c6
timestamps:
  login: 1418397389710
  lastteleport: 1418399644365
  kits:
    novice: 1418354510701
    pvp: 1418354493998
    color: 1418354485438
  logout: 1418400703270
ipAddress: 74.5.60.175
lastlocation:
  world: mines
  x: -10.095903944711267
  y: 63.0
  z: -17.44765072909263
  yaw: -95.84745
  pitch: 15.150025
logoutlocation:
  world: mines
  x: 16.43254768781155
  y: 62.0
  z: -15.297019326027858
  yaw: 2.852539
  pitch: 21.29997
money: '517.3199999999999'
lastAccountName: coltmo
