lastAccountName: Butter_Slime_123
timestamps:
  login: 1423928006657
  logout: 1423928038889
  lastteleport: 1423928026684
  kits:
    novice: 1423603782665
ipAddress: 142.196.111.196
logoutlocation:
  world: spawn
  x: 15.669643371188632
  y: 82.0
  z: -1228.910623238435
  yaw: 345.12708
  pitch: 21.749971
lastlocation:
  world: spawn
  x: 12.508888087284742
  y: 94.0
  z: -238.46094609154216
  yaw: -38.250633
  pitch: 15.600012
money: '488.0'
