logoutlocation:
  world: spawn
  x: 0.07168319663979558
  y: 34.0
  z: 7.568710677014465
  yaw: 13.800018
  pitch: 24.749979
timestamps:
  logout: 1421103465843
money: '30.0'
