lastAccountName: GeneralLuke17
timestamps:
  login: 1421633609755
  lastteleport: 1421634332435
  kits:
    pvp: 1421634130825
    novice: 1421633811259
  logout: 1421635307464
ipAddress: 108.22.247.121
lastlocation:
  world: spawn
  x: -0.2767494547468937
  y: 55.0
  z: -11.71351016356892
  yaw: -169.99982
  pitch: 3.3043063
logoutlocation:
  world: spawn
  x: -1.050293028595638
  y: 81.0
  z: -1228.7561062922525
  yaw: -285.1119
  pitch: -26.963364
money: '2.0'
