lastAccountName: PatrickBuller
timestamps:
  login: 1422524077540
  logout: 1422524085860
ipAddress: 212.10.240.60
logoutlocation:
  world: spawn
  x: 14.461826923640048
  y: 81.5
  z: -1237.536211174398
  yaw: 87.75056
  pitch: 2.8646243
money: '30.0'
