lastAccountName: Ghostrecon222
timestamps:
  login: 1420629219343
  lastteleport: 1420631496915
  kits:
    pvp: 1420630024788
    novice: 1420629345911
  logout: 1420631819512
ipAddress: 124.150.99.41
lastlocation:
  world: spawn
  x: 0.8325896864384693
  y: 24.0
  z: -21.082859767842344
  yaw: 350.0995
  pitch: 5.100019
logoutlocation:
  world: spawn
  x: 12.888816825743808
  y: 140.0
  z: -257.7287083850639
  yaw: 21.99939
  pitch: 14.99999
money: '47077.56'
