lastAccountName: DJdog10
timestamps:
  login: 1420848264754
  lastteleport: 1420848747163
  kits:
    pvp: 1420848535326
    novice: 1420848504471
  logout: 1420848781519
ipAddress: 98.124.43.109
lastlocation:
  world: spawn
  x: 12.300000011920929
  y: 102.0
  z: -244.99340524161013
  yaw: 74.69864
  pitch: 7.8000793
logoutlocation:
  world: spawn
  x: 2.2940018666188613
  y: 115.0
  z: -747.2576582960527
  yaw: 129.70323
  pitch: -3.1499906
money: '30.0'
