lastAccountName: ObservantCape79
timestamps:
  login: 1422149042299
  lastteleport: 1422149176703
  logout: 1422149235626
ipAddress: 199.30.78.249
lastlocation:
  world: spawn
  x: 10.86121035666222
  y: 106.0
  z: -251.43523725772175
  yaw: 179.78217
  pitch: 2.2286017
logoutlocation:
  world: spawn
  x: -3.665360639893607
  y: 33.0
  z: -38.33046450792101
  yaw: -108.726166
  pitch: -35.757854
money: '30.0'
