lastAccountName: JWR1569
timestamps:
  login: 1421551296313
  logout: 1421551304560
ipAddress: 75.39.232.64
logoutlocation:
  world: spawn
  x: 0.2698746494298726
  y: 101.0625
  z: -8.11613754716986
  yaw: -17.250067
  pitch: 7.4999976
money: '30.0'
