lastAccountName: CaptainMatt11
timestamps:
  login: 1421368509628
  lastteleport: 1421369773191
  kits:
    novice: 1421369080934
    pvp: 1421369070526
    color: 1421369084135
    adept: 1421369073278
  logout: 1421369938476
ipAddress: 99.179.25.201
lastlocation:
  world: spawn
  x: -10.780018761545207
  y: 85.0
  z: -1215.5035491721449
  yaw: 67.02691
  pitch: 16.949974
money: '9888.289999999995'
logoutlocation:
  world: parkour
  x: -2.2346639536067725
  y: 80.0
  z: 4.023419301803707
  yaw: 154.42029
  pitch: 23.700039
