uuid: 3515ea79-7e6c-48b0-a59c-141346aa9513
timestamps:
  login: 1416410659492
  logout: 1416410766187
ipAddress: 50.138.79.156
logoutlocation:
  world: spawn
  x: 0.5998558901090338
  y: 102.74241333191203
  z: -11.967741904372629
  yaw: -359.85046
  pitch: 1.3500036
money: '30.0'
lastAccountName: microgamergames
