uuid: 35b109cd-3007-427c-af63-7819269fcad3
timestamps:
  login: 1417925962618
  lastteleport: 1417926620258
  kits:
    pvp: 1417926020651
    novice: 1417926015649
  logout: 1417926720970
ipAddress: 99.224.240.95
lastlocation:
  world: spawn
  x: -20.93019729419978
  y: 35.0
  z: -6.558366779945083
  yaw: -193.3501
  pitch: -13.650005
logoutlocation:
  world: spawn
  x: 8.040843190354522
  y: 55.0
  z: 8.549696030832404
  yaw: -227.3977
  pitch: -4.950051
money: '91.25'
lastAccountName: coolduderoxs01
