lastAccountName: JAKETHEBEAST2006
timestamps:
  login: 1421466126455
  logout: 1421466134657
ipAddress: 68.170.254.37
logoutlocation:
  world: spawn
  x: 2.199999988079071
  y: 34.0
  z: 5.80000001192093
  yaw: -191.69986
  pitch: 54.299995
money: '30.0'
