uuid: 35e20ef4-6396-44d4-ba58-6845583f33b8
timestamps:
  login: 1420033441373
  lastteleport: 1420034015256
  kits:
    novice: 1420033565215
  logout: 1420034139491
ipAddress: 184.145.9.175
lastlocation:
  world: spawn
  x: 0.8244780244766745
  y: 101.0
  z: -11.5
  yaw: 0.0
  pitch: 0.0
logoutlocation:
  world: spawn
  x: 37.86650395371412
  y: 74.0
  z: -254.11055978771512
  yaw: 103.96652
  pitch: 30.241201
money: '209.55'
lastAccountName: scott5437
