timestamps:
  lastteleport: 1418348762729
  kits:
    pvp: 1418348124274
  logout: 1418349487773
lastlocation:
  world: spawn
  x: -17.238197372426846
  y: 35.5
  z: -6.789008577796516
  yaw: 86.24835
  pitch: 8.70005
money: '415.0'
logoutlocation:
  world: spawn
  x: 8.79793648013752
  y: 114.0
  z: -747.8675597807231
  yaw: 304.15332
  pitch: 3.4500318
lastAccountName: ninjabelieve4321
