lastAccountName: pokemon05241
timestamps:
  login: 1420948013811
  lastteleport: 1420947929294
  logout: 1420948015704
ipAddress: 24.117.164.6
lastlocation:
  world: spawn
  x: 11.785761374246086
  y: 106.0
  z: -252.6809526342405
  yaw: 130.94809
  pitch: -0.5998777
logoutlocation:
  world: spawn
  x: -21.287959946059008
  y: 35.0
  z: -5.696924686525103
  yaw: 204.59966
  pitch: 11.400028
money: '15.0'
