lastAccountName: laurenoctopus
timestamps:
  login: 1420838109042
  lastteleport: 1420838171887
  logout: 1420838221075
ipAddress: 109.158.185.206
lastlocation:
  world: spawn
  x: 0.4548720972625233
  y: 29.0
  z: 53.501636820949955
  yaw: 0.14950562
  pitch: 3.4500155
logoutlocation:
  world: spawn
  x: 20.18796693197548
  y: 34.5
  z: -8.58146949544385
  yaw: -286.19717
  pitch: 3.599981
money: '30.0'
