uuid: 3688d2a3-26f2-484b-b4bb-f4b9b2c6569e
timestamps:
  login: 1419480251420
  logout: 1419480318741
ipAddress: 183.179.240.239
logoutlocation:
  world: spawn
  x: 0.18285104734862284
  y: 29.944222038003332
  z: 15.254092575006776
  yaw: -212.52136
  pitch: -16.87315
money: '30.0'
lastAccountName: hkjfung
