uuid: 36c6456c-c8bd-4269-ad28-0fedd6cebf18
timestamps:
  login: 1419977018358
  lastteleport: 1419977788654
  logout: 1419977791143
ipAddress: 70.124.202.115
lastlocation:
  world: spawn
  x: -12.49607663753869
  y: 36.0
  z: -6.084462288468634
  yaw: -83.590164
  pitch: 5.5124025
logoutlocation:
  world: spawn
  x: -18.5
  y: 35.0
  z: -6.5
  yaw: -268.6505
  pitch: -2.4000077
money: '78.34'
lastAccountName: nena1214
