timestamps:
  lastteleport: 1418338268439
  kits:
    alpha: 1416450953730
  logout: 1418437533866
  login: 1418437512711
lastlocation:
  world: spawn
  x: 19.131740000196324
  y: 145.0
  z: -260.8191592042891
  yaw: -244.18213
  pitch: 4.9291773
money: '14912.320000000003'
logoutlocation:
  world: plotworld
  x: -40.41567280178679
  y: 65.875
  z: 23.69999998807907
  yaw: 183.44688
  pitch: 74.92419
uuid: 36de226c-3bed-4924-8534-b933be9f7fa1
ipAddress: 73.163.242.238
godmode: false
lastAccountName: braylen302
