lastAccountName: BudderIsBoss
timestamps:
  login: 1421187290637
  logout: 1421187386381
ipAddress: 67.7.62.108
logoutlocation:
  world: spawn
  x: -0.7919020732502418
  y: 34.0
  z: 9.89389426150496
  yaw: -44.24994
  pitch: 1.6499591
money: '30.0'
