lastAccountName: I_SPAM_4_
timestamps:
  login: 1423243048393
  lastteleport: 1423244428783
  kits:
    novice: 1423156236420
    pvp: 1423157145435
    adept: 1423178062654
  logout: 1423244591885
ipAddress: 46.7.214.142
lastlocation:
  world: mines
  x: 269.3042574294168
  y: 63.0625
  z: -1.5878880181977886
  yaw: 14.078974
  pitch: 7.686856
money: '32321.670724637683'
logoutlocation:
  world: spawn
  x: -0.45540701241639137
  y: 26.0
  z: -4.767114526225736
  yaw: -9.546289
  pitch: 20.030743
