uuid: 37d951c5-9320-4aa6-b7a0-a2e67cf4dabb
timestamps:
  login: 1419962267815
  lastteleport: 1419963997322
  kits:
    pvp: 1419963217960
  logout: 1419963999718
ipAddress: 109.151.176.157
lastlocation:
  world: spawn
  x: 5.074155759361035
  y: 37.0
  z: -7.117911228198228
  yaw: 280.19934
  pitch: 9.299989
money: '167.54999999999998'
logoutlocation:
  world: spawn
  x: 0.4688579592911992
  y: 36.0
  z: -14.995270670645727
  yaw: -179.55054
  pitch: 16.49999
lastAccountName: 31zack1
