lastAccountName: kyra981000
timestamps:
  login: 1422831201726
  lastteleport: 1422831541926
  kits:
    pvp: 1422831585690
    novice: 1422831263435
    color: 1422831577488
  logout: 1422831667227
ipAddress: 184.64.101.193
money: '83.0'
lastlocation:
  world: spawn
  x: -23.029314574975604
  y: 35.0
  z: -7.241891160075373
  yaw: -279.60046
  pitch: 1.1999944
logoutlocation:
  world: mines
  x: -10.2347902723952
  y: 63.0
  z: -17.487702330324883
  yaw: 57.752197
  pitch: 9.149958
