lastAccountName: gotserve87
timestamps:
  login: 1424289959285
  logout: 1424289991909
ipAddress: 74.99.75.142
logoutlocation:
  world: spawn
  x: 1.4227200433872973
  y: 29.0
  z: 14.300000011920933
  yaw: -158.53444
  pitch: -0.9252878
money: '30.0'
