uuid: 392e8bf2-0476-4edc-82b6-fd1c9e16da25
timestamps:
  login: 1419676049809
  lastteleport: 1419676863124
  logout: 1419677680648
ipAddress: 151.228.89.234
lastlocation:
  world: spawn
  x: -20.750335859653998
  y: 35.0
  z: -8.007647213746301
  yaw: -205.65053
  pitch: -25.350006
logoutlocation:
  world: spawn
  x: 7.048554051535923
  y: 55.0
  z: 9.637377297897748
  yaw: -4.1984954
  pitch: 3.8999877
money: '11.03125'
lastAccountName: magneticface
