uuid: 3a022be2-ee03-481a-b65b-53abf87ff66d
timestamps:
  login: 1419888753974
  logout: 1419888759565
ipAddress: 72.135.3.94
logoutlocation:
  world: spawn
  x: 14.039147925672793
  y: 82.0
  z: -1237.5302270925113
  yaw: 88.6264
  pitch: 21.149996
money: '30.0'
lastAccountName: xemocheesecakexx
