lastAccountName: H_PokeMinec_H
timestamps:
  login: 1421172197499
  logout: 1421172297217
ipAddress: 201.21.110.119
logoutlocation:
  world: spawn
  x: 0.15186868734211703
  y: 34.0
  z: 7.533824231136149
  yaw: -191.55017
  pitch: 38.55002
money: '30.0'
