uuid: 3a795a2f-c62e-4a0e-9e76-abeb27f39ac1
timestamps:
  login: 1417471155617
  lastteleport: 1417472484290
  kits:
    color: 1417472249342
    alpha: 1417471977748
    stoner: 1417472266453
  logout: 1417472683041
ipAddress: 99.227.207.134
lastlocation:
  world: mines
  x: 123.61644570666957
  y: 63.0
  z: -9.181755161542377
  yaw: 81.53238
  pitch: 7.1533446
logoutlocation:
  world: mines
  x: 158.79949445832156
  y: 56.0
  z: -10.912230738767851
  yaw: 279.1886
  pitch: -26.614155
money: '1129.6461538461554'
lastAccountName: blastertyler
