lastAccountName: marie4cooll44
timestamps:
  login: 1424100554538
  lastteleport: 1424100675169
  logout: 1424100852999
ipAddress: 207.134.131.105
lastlocation:
  world: spawn
  x: 1.4122204560797642
  y: 33.0
  z: -38.849212695617666
  yaw: 100.35298
  pitch: 14.99996
logoutlocation:
  world: spawn
  x: 22.894227111284316
  y: 112.5
  z: -250.06487743106766
  yaw: 20.848389
  pitch: 2.5500176
money: '30.0'
