lastAccountName: _packer_
timestamps:
  login: 1420919960436
  logout: 1420929750081
  lastteleport: 1420929599876
  kits:
    pvp: 1420545828416
    novice: 1420545707111
ipAddress: 94.254.51.253
logoutlocation:
  world: mines
  x: 304.69999998807907
  y: 73.0
  z: -10.175961764647619
  yaw: -264.7472
  pitch: 10.799968
money: '68329.58000000002'
lastlocation:
  world: spawn
  x: 14.5
  y: 81.5
  z: -1237.5
  yaw: 96.726906
  pitch: 0.59997493
