uuid: 3b129f22-855a-434a-978a-51bad1c1f29d
timestamps:
  login: 1424643584857
  lastteleport: 1420662953667
  logout: 1424643704912
  kits:
    novice: 1418223770934
    pvp: 1418224268462
    adept: 1418260354024
ipAddress: 76.235.171.216
money: '17621.313076923063'
lastlocation:
  world: spawn
  x: -17.75031721165596
  y: 42.0
  z: -6.2550642495891005
  yaw: -265.9505
  pitch: -2.5500102
logoutlocation:
  world: plotworld
  x: -47.661540150223466
  y: 65.0
  z: -74.8781809789379
  yaw: 183.90002
  pitch: -2.6999989
afk: false
godmode: false
lastAccountName: joshythehero
