lastAccountName: XxLeTurtexX
timestamps:
  login: 1421881998144
  logout: 1421882021914
ipAddress: 74.115.1.73
logoutlocation:
  world: spawn
  x: 10.26840971035599
  y: 82.0
  z: -1237.5158874325953
  yaw: 89.07641
  pitch: -0.450001
money: '30.0'
