uuid: 3b322283-8059-4af7-a270-3c769a208553
timestamps:
  login: 1418428542253
  lastteleport: 1418428946570
  kits:
    pvp: 1418428697744
    novice: 1418428693895
  logout: 1418428964169
ipAddress: 24.216.188.182
lastlocation:
  world: spawn
  x: 22.37862961369703
  y: 113.5
  z: -248.28496761411856
  yaw: 110.24883
  pitch: 19.050074
logoutlocation:
  world: spawn
  x: 0.2999210614391999
  y: 34.0
  z: 18.597345202638586
  yaw: -173.85086
  pitch: 4.350028
money: '46.0'
lastAccountName: princesscelest11
