lastAccountName: CaptainFuzzy9
timestamps:
  login: 1422820472372
  lastteleport: 1422820571698
  logout: 1422820659974
ipAddress: 100.40.6.228
money: '2097760.22'
lastlocation:
  world: spawn
  x: -12.67504793057627
  y: 85.0
  z: -1215.007470552743
  yaw: 61.71459
  pitch: 35.162567
logoutlocation:
  world: parkour
  x: -28.212163128220475
  y: 83.0
  z: -32.70464671077887
  yaw: -95.3669
  pitch: -3.0
