uuid: 3b7063cd-75c8-434c-a3a2-198b805686e6
timestamps:
  login: 1418792066886
  lastteleport: 1418792580022
  kits:
    pvp: 1418792322618
  logout: 1418792622274
ipAddress: 73.18.224.18
lastlocation:
  world: spawn
  x: 13.869496928986162
  y: 106.0
  z: -251.39814785146487
  yaw: -295.35138
  pitch: 28.500048
logoutlocation:
  world: spawn
  x: 0.2554762689843211
  y: 55.0
  z: -0.6551720708667851
  yaw: -185.09839
  pitch: 1.4999985
money: '58.0'
lastAccountName: earthvxz
