lastAccountName: winman10924
timestamps:
  login: 1420899675099
  logout: 1420899688084
ipAddress: 64.231.107.32
logoutlocation:
  world: spawn
  x: 14.461826923640048
  y: 81.5
  z: -1237.536211174398
  yaw: 89.22641
  pitch: -0.450001
money: '30.0'
