uuid: 3b90e773-2a29-4df4-8f56-57c75da8b6b0
timestamps:
  login: 1416386004968
  logout: 1416386089992
ipAddress: 122.151.193.53
logoutlocation:
  world: spawn
  x: 0.5346178366829318
  y: 34.0
  z: 7.671246931025171
  yaw: 179.24905
  pitch: -22.200026
money: '30.0'
lastAccountName: skateboard9089
