uuid: 3ba97c07-0d62-42ca-a119-956d067c03e9
timestamps:
  login: 1419820298912
  logout: 1419820326316
ipAddress: 50.80.216.136
logoutlocation:
  world: spawn
  x: 0.704718420005836
  y: 100.0
  z: 1.6185353165552328
  yaw: 0.0
  pitch: 0.0
money: '30.0'
lastAccountName: hpcraft2014
