lastAccountName: fire_elephant_11
timestamps:
  login: 1423271072010
  lastteleport: 1423271098945
  logout: 1423271107952
ipAddress: 47.55.30.184
lastlocation:
  world: spawn
  x: 17.28985610889937
  y: 82.0
  z: -1230.05369876016
  yaw: 201.87643
  pitch: 21.75001
money: '10030.0'
logoutlocation:
  world: spawn
  x: 0.9782114640032047
  y: 29.0
  z: 26.226484974489086
  yaw: 6.8994446
  pitch: 27.449995
