uuid: 3c306b03-888c-4f35-a8d2-2c2b8ff38222
timestamps:
  login: 1420036580567
  lastteleport: 1420036740897
  logout: 1420036769005
ipAddress: 78.60.81.68
lastlocation:
  world: spawn
  x: 0.545726883879601
  y: 29.0
  z: 53.55138032385201
  yaw: 0.44947213
  pitch: 10.050013
logoutlocation:
  world: spawn
  x: -9.314977876325099
  y: 36.0
  z: -6.271024181706864
  yaw: 94.50277
  pitch: 13.349995
money: '30.0'
lastAccountName: desertfoxx17
