lastAccountName: jordanwilliams2
timestamps:
  login: 1422024337471
  logout: 1422024340122
ipAddress: 86.11.54.7
logoutlocation:
  world: spawn
  x: 14.461826923640048
  y: 81.5
  z: -1237.536211174398
  yaw: 86.82641
  pitch: 17.700003
money: '30.0'
