timestamps:
  lastteleport: 1419162385906
  logout: 1419162436943
lastlocation:
  world: spawn
  x: 0.24610668533426633
  y: 34.0
  z: 8.204274091741997
  yaw: -184.20056
  pitch: 38.699978
logoutlocation:
  world: spawn
  x: 0.659800129763041
  y: 29.5
  z: 53.99585198558453
  yaw: -0.7506714
  pitch: 44.85
money: '30.0'
lastAccountName: mathijs116
