lastAccountName: bloomper3
timestamps:
  login: 1420626568290
  lastteleport: 1420627177557
  logout: 1420627512301
ipAddress: 213.67.191.192
lastlocation:
  world: spawn
  x: 13.478560619549963
  y: 36.0
  z: -6.07001364164539
  yaw: 74.54849
  pitch: 15.000002
logoutlocation:
  world: plotworld
  x: 14.713537251812573
  y: 66.0
  z: -27.42440409670758
  yaw: 2.8493679
  pitch: 7.7999706
money: '30.0'
