uuid: 3c7a6a13-713b-4f01-947b-86c678332563
timestamps:
  login: 1419048110641
  lastteleport: 1419049204605
  kits:
    pvp: 1419049109269
    adept: 1419048514714
  logout: 1419049254452
ipAddress: 82.157.100.220
lastlocation:
  world: mines
  x: 350.1056416805525
  y: 55.0
  z: -13.44261214324063
  yaw: -11.097395
  pitch: 28.199993
money: '7356.6900000000005'
logoutlocation:
  world: spawn
  x: 1.092432221249671
  y: 124.0
  z: -243.90637671413117
  yaw: -168.9501
  pitch: 13.799999
lastAccountName: fillakilla12
