uuid: 3c839487-89cd-4586-b3a5-322344e39f31
timestamps:
  login: 1419829952229
  logout: 1419830203903
ipAddress: 108.197.129.29
logoutlocation:
  world: spawn
  x: 5.748703975547959
  y: 81.0
  z: -1226.8738580282438
  yaw: -58.37961
  pitch: -4.750799
money: '30.0'
lastAccountName: drake8932
