uuid: 3cad18fe-b55b-4b51-bd69-11970ea96539
timestamps:
  login: 1419558413281
  lastteleport: 1419411091559
  kits:
    pvp: 1419394861056
    novice: 1419384613980
    adept: 1419388339002
  logout: 1419558458450
ipAddress: 104.178.84.167
lastlocation:
  world: mines
  x: 150.08045732199778
  y: 66.0
  z: -3.119432105436556
  yaw: -293.02832
  pitch: 28.290659
money: '2877.2340942028677'
afk: false
logoutlocation:
  world: mines
  x: 71.25125038216652
  y: 57.5
  z: -10.330501363038463
  yaw: -254.31177
  pitch: 17.899853
lastAccountName: nicholasz1212
