lastAccountName: HaVoC_IrOnF1St
timestamps:
  login: 1423885778150
  logout: 1423885787861
ipAddress: 50.181.3.229
logoutlocation:
  world: spawn
  x: 14.461826923640048
  y: 81.5
  z: -1237.536211174398
  yaw: 89.52641
  pitch: -0.300001
money: '30.0'
