lastAccountName: ButterCat01
timestamps:
  login: 1424502092887
  lastteleport: 1424504807781
  logout: 1424505079652
  kits:
    color: 1424329231119
    adept: 1424329332846
ipAddress: 65.60.225.185
lastlocation:
  world: plotworld
  x: -9.612022333874041
  y: 70.0
  z: 53.697236602086384
  yaw: -280.64978
  pitch: 24.900007
logoutlocation:
  world: plotworld
  x: -9.976933763899076
  y: 70.0
  z: 54.82922353742567
  yaw: -229.04895
  pitch: 33.15003
money: '525163.6521376808'
nickname: ButterCow01
afk: false
