uuid: 3ce07c46-2165-40de-b097-eabd6e617a91
timestamps:
  login: 1416411174131
  logout: 1416411234018
ipAddress: 68.84.183.201
logoutlocation:
  world: spawn
  x: 1.0039496304601419
  y: 34.0
  z: 18.886140622714507
  yaw: -114.30762
  pitch: 6.437732
money: '30.0'
lastAccountName: azer0108
