uuid: 3d09d521-0fcb-4502-aa4a-9f74c027d37d
timestamps:
  login: 1419958279678
  logout: 1419958373294
ipAddress: 82.26.253.200
logoutlocation:
  world: spawn
  x: -0.699999988079071
  y: 103.0
  z: 8.851675869104447
  yaw: 4.350004
  pitch: 8.250007
money: '30.0'
lastAccountName: aranpatel
