uuid: 3d475ad3-8dad-4057-9534-239463e49c2d
timestamps:
  login: 1419408063414
  lastteleport: 1419410290828
  kits:
    novice: 1419406953065
    color: 1419408091722
    alpha: 1416563794670
    adept: 1419406901951
    stoner: 1416656672891
  logout: 1419410607460
ipAddress: 49.183.53.237
lastlocation:
  world: spawn
  x: 33.4073371911075
  y: 81.0
  z: -1240.322309747767
  yaw: -88.973175
  pitch: 3.149959
godmode: false
nickname: SpongeBobEwok
money: '385219.145'
logoutlocation:
  world: spawn
  x: 23.09559089158577
  y: 35.0
  z: -9.800174266069407
  yaw: -144.14716
  pitch: -7.2000284
afk: false
lastAccountName: dangerzone3
