lastAccountName: FireChaoss
timestamps:
  login: 1423011304209
  lastteleport: 1422207759707
  kits:
    novice: 1422207617964
    adept: 1422207605030
  logout: 1423011312729
ipAddress: 100.34.87.180
lastlocation:
  world: mines
  x: 249.47394424168291
  y: 61.0
  z: -18.300000011920933
  yaw: 16.504934
  pitch: 7.799984
money: '69028.5'
logoutlocation:
  world: plotworld
  x: -18.023284178814286
  y: 65.5
  z: -12.590751912152937
  yaw: 51.74991
  pitch: 35.400047
