uuid: 3df922f1-1210-4e1e-bf81-e6dfd3fcb4c0
timestamps:
  login: 1419885794354
  lastteleport: 1419888254131
  kits:
    pvp: 1419886331310
    novice: 1419886312555
  logout: 1419888309324
ipAddress: 67.231.33.100
lastlocation:
  world: mines
  x: 185.49829942826364
  y: 58.0
  z: -7.435862122245299
  yaw: -177.14583
  pitch: 16.35002
money: '29840.5'
logoutlocation:
  world: spawn
  x: 0.6972109108110491
  y: 37.0
  z: -4.986114627944218
  yaw: -3.900493
  pitch: 38.399986
lastAccountName: shellsee
