lastAccountName: hello123147
timestamps:
  login: 1424052676847
  logout: 1424052683099
ipAddress: 173.74.4.161
logoutlocation:
  world: spawn
  x: 13.475823756090538
  y: 81.5
  z: -1237.5264096008123
  yaw: 90.8764
  pitch: 10.799998
money: '30.0'
