timestamps:
  lastteleport: 1420670410234
  kits:
    novice: 1420583996727
    pvp: 1420670387382
  logout: 1420757054110
  login: 1420757051020
lastlocation:
  world: mines
  x: 242.67613152623773
  y: 61.0
  z: -9.478775795383822
  yaw: -102.44511
  pitch: 5.550015
money: '127651.96815217385'
logoutlocation:
  world: spawn
  x: 13.811750964713951
  y: 123.0625
  z: -244.3991672851161
  yaw: 83.79983
  pitch: 9.149993
lastAccountName: Kitty2Liv
ipAddress: 50.152.91.81
