lastAccountName: Brewhaus
timestamps:
  login: 1424655528817
  lastteleport: 1424659069047
  kits:
    pvp: 1423942633641
    color: 1423963979259
    guard: 1424224913310
    changelog: 1424224925641
  logout: 1424659996876
  mute: 0
ipAddress: 69.174.137.173
lastlocation:
  world: plotworld
  x: -10.344890361583872
  y: 69.0
  z: -100.8443574211192
  yaw: -237.0
  pitch: 17.699984
money: '15364767.849500053'
logoutlocation:
  world: spawn
  x: 7.69999998807906
  y: 40.0
  z: -1985.9547810956217
  yaw: 101.95972
  pitch: 13.649899
godmode: false
nickname: §bBae§3haus
muted: false
afk: false
socialspy: false
homes:
  home:
    world: free
    x: -21977.82332420282
    y: 69.0
    z: -21554.638046465137
    yaw: 173.0249
    pitch: 28.649944
