timestamps:
  lastteleport: 1417378427602
  kits:
    alpha: 1417374297302
  logout: 1417378614683
lastlocation:
  world: plotworld
  x: 1.2002173905219422
  y: 66.16610926093821
  z: 34.93123616313081
  yaw: 76.79999
  pitch: -32.099922
money: '1758.7961538461532'
logoutlocation:
  world: plotworld
  x: -25.664642912379506
  y: 65.0
  z: -55.52819241924698
  yaw: -117.46558
  pitch: 23.198265
lastAccountName: saberfarm123
