lastAccountName: Mattybleasdale
timestamps:
  login: 1422550123158
  lastteleport: 1422550304888
  kits:
    novice: 1422550156967
  logout: 1422550335734
ipAddress: 151.227.10.188
lastlocation:
  world: spawn
  x: -1.1013329722488183
  y: 55.0
  z: -0.37627766969665793
  yaw: 170.2516
  pitch: 19.949999
money: '30.0'
logoutlocation:
  world: spawn
  x: -5.865675996705091
  y: 33.0
  z: -31.97559726346558
  yaw: 70.64935
  pitch: 12.899999
