logoutlocation:
  world: spawn
  x: 0.7446296180897598
  y: 101.0
  z: -7.893261948480211
  yaw: 27.867044
  pitch: 18.366962
timestamps:
  logout: 1418339729246
  login: 1418339728800
uuid: 3fbe4aea-0acc-4136-a0db-00efe097e13d
ipAddress: 142.167.132.165
money: '30.0'
lastAccountName: maxoudu36
