lastAccountName: pauseunpause_25
timestamps:
  login: 1420745128223
  lastteleport: 1420747604204
  logout: 1420747871356
ipAddress: 89.148.38.40
lastlocation:
  world: mines
  x: 101.43965775891019
  y: 52.0
  z: -3.845491617970729
  yaw: 2.5172157
  pitch: 7.1898775
logoutlocation:
  world: mines
  x: 69.50726197996984
  y: 57.5
  z: -10.298108251348781
  yaw: -98.77286
  pitch: 18.888847
money: '2342.46375'
