lastAccountName: Kingjakeboy
timestamps:
  login: 1424510836471
  lastteleport: 1424511119638
  logout: 1424511286806
ipAddress: 86.136.139.191
lastlocation:
  world: spawn
  x: 0.9490500780700022
  y: 107.0
  z: -247.59282268562362
  yaw: -53.401093
  pitch: 28.050068
logoutlocation:
  world: spawn
  x: 9.283104116097093
  y: 58.00133597911215
  z: 11.699999988079073
  yaw: 59.099915
  pitch: 16.650131
money: '58.0'
