uuid: 406d2dc2-986c-4dac-9944-c5a2fba9ade4
timestamps:
  login: 1419435358922
  lastteleport: 1419435838027
  logout: 1419435839925
ipAddress: 80.195.168.40
lastlocation:
  world: spawn
  x: 2.243871882794335
  y: 33.0
  z: -37.808911268562355
  yaw: 126.42459
  pitch: 18.11519
logoutlocation:
  world: spawn
  x: 23.5
  y: 114.0
  z: -244.5
  yaw: 86.91244
  pitch: 19.200071
money: '30.0'
lastAccountName: bobbuilder2004
