uuid: 407b3261-cbd0-446e-af7c-9eaf8df3ad8c
timestamps:
  login: 1419423043403
  logout: 1419423206696
ipAddress: 86.181.78.187
logoutlocation:
  world: spawn
  x: 2.3660920229415936
  y: 34.0
  z: 12.115099566725373
  yaw: 184.35002
  pitch: -15.900009
money: '30.0'
lastAccountName: waffle_02
