timestamps:
  lastteleport: 1418832853726
  kits:
    pvp: 1418830951353
    novice: 1418830161314
  logout: 1418832923753
  login: 1418830683550
lastlocation:
  world: spawn
  x: -1.6999999880790715
  y: 27.0
  z: -4.68076767770184
  yaw: -10.670197
  pitch: -12.708121
money: '11603.21769230769'
logoutlocation:
  world: plotworld
  x: -7.99642155241843
  y: 67.0
  z: 8.05151690539338
  yaw: -97.407524
  pitch: 19.200352
uuid: 408697e1-1f80-43b1-b094-f1a8227aa170
ipAddress: 80.47.52.49
lastAccountName: brooksy392
