uuid: 40a55837-7fd6-4f03-81e7-a923f1dc01aa
timestamps:
  login: 1420227773042
  lastteleport: 1420230068409
  kits:
    adept: 1420222338582
  logout: 1420227766684
ipAddress: 151.224.14.39
lastlocation:
  world: plotworld
  x: 74.27558522759988
  y: 66.0
  z: -92.97712429521857
  yaw: 160.95001
  pitch: 16.499998
money: '189550.705'
logoutlocation:
  world: plotworld
  x: 8.078636370836564
  y: 65.5000000286102
  z: 18.868350092185803
  yaw: -3.1499999
  pitch: 0.7499999
lastAccountName: mlgcarrot
