lastAccountName: jodanski05
timestamps:
  login: 1420627363459
  logout: 1420627419780
  lastteleport: 1420627307182
ipAddress: 90.230.93.16
lastlocation:
  world: plotworld
  x: -50.88008254241424
  y: 65.0
  z: -44.336118765121554
  yaw: -106.34999
  pitch: 5.1
logoutlocation:
  world: spawn
  x: 0.48521727745693255
  y: 34.0
  z: 9.098412394285585
  yaw: 178.34888
  pitch: 14.8500185
money: '30.0'
