lastAccountName: 2019mikelee
timestamps:
  login: 1423046860478
  lastteleport: 1423047130605
  kits:
    pvp: 1423045077602
    novice: 1423045067264
  logout: 1423047160687
ipAddress: 116.104.0.149
lastlocation:
  world: mines
  x: 714.3028680943363
  y: 67.0
  z: -17.62683881896707
  yaw: 123.75708
  pitch: 8.24999
logoutlocation:
  world: mines
  x: 44.845170407963444
  y: 62.015555072702206
  z: -14.699999988079071
  yaw: -227.69743
  pitch: 85.65
money: '686.3300000000002'
