uuid: 4155db48-31fb-44ab-b366-6312f0ee4a28
timestamps:
  login: 1419903814596
  lastteleport: 1419904156916
  kits:
    pvp: 1419904092024
    novice: 1419904078253
  logout: 1419904801919
ipAddress: 75.203.200.6
lastlocation:
  world: spawn
  x: 0.5077223200496519
  y: 29.0
  z: 53.55705983624329
  yaw: 1.6494894
  pitch: 5.9999847
logoutlocation:
  world: spawn
  x: 6.376095978956716
  y: 37.0
  z: -6.4701891183226286
  yaw: 267.00208
  pitch: 14.849976
money: '30.0'
lastAccountName: jart_123
