lastAccountName: Sharkboy105
timestamps:
  login: 1420765768779
  lastteleport: 1420768105189
  kits:
    novice: 1420725428213
  logout: 1420763457501
ipAddress: 68.13.149.163
lastlocation:
  world: spawn
  x: -3.6999999880790715
  y: 34.0
  z: 19.952900072121295
  yaw: -206.40077
  pitch: 54.59993
logoutlocation:
  world: spawn
  x: 2.4541972191166996
  y: 34.0
  z: 18.268932039350688
  yaw: -109.200806
  pitch: 54.449932
money: '30.0'
afk: false
