uuid: 4203a806-0113-4aae-8194-b10354689e78
timestamps:
  login: 1419999164943
  logout: 1419999269670
ipAddress: 85.9.20.147
logoutlocation:
  world: spawn
  x: 14.461826923640048
  y: 81.5
  z: -1237.536211174398
  yaw: 89.07641
  pitch: -0.450001
money: '30.0'
lastAccountName: l_e_o_h
