uuid: 42765b18-e138-4109-8c39-9157d07534e6
timestamps:
  login: 1420092741461
  logout: 1420092768633
ipAddress: 203.91.92.186
logoutlocation:
  world: spawn
  x: 0.17950725509857907
  y: 80.5
  z: -1236.9821467973993
  yaw: 266.37616
  pitch: 0.7500021
money: '30.0'
lastAccountName: dickos
