uuid: 42c3190b-2ce7-4d79-92f3-3f0695f07da5
timestamps:
  login: 1421355690444
  logout: 1421355719469
ipAddress: 108.12.230.184
logoutlocation:
  world: spawn
  x: 5.810130078657048
  y: 81.0
  z: -1226.0864863594297
  yaw: -175.52362
  pitch: -7.4999986
money: '30.0'
lastAccountName: shampoo12
