timestamps:
  lastteleport: 1420008894305
  logout: 1420009040541
lastlocation:
  world: spawn
  x: 0.3098412296625803
  y: 29.0
  z: 51.80865555384925
  yaw: -0.30062908
  pitch: 2.8500023
logoutlocation:
  world: spawn
  x: -17.287146302187182
  y: 35.5
  z: -6.477831621026636
  yaw: 281.69897
  pitch: -8.400053
money: '45.0'
lastAccountName: ajstrikehammer
