uuid: 42f3c51e-b632-48d4-a277-8ed6103f7686
timestamps:
  login: 1420038324816
  logout: 1420038335170
ipAddress: 79.7.138.163
logoutlocation:
  world: spawn
  x: 34.5207497004201
  y: 81.0
  z: -1239.437374099629
  yaw: 43.17654
  pitch: 23.700016
money: '30.0'
lastAccountName: aletaglia
