timestamps:
  lastteleport: 1419591319328
  kits:
    novice: 1419507778720
    pvp: 1419507770168
    color: 1419521214511
    adept: 1419510193645
  logout: 1419592401611
  login: 1419591528208
lastlocation:
  world: mines
  x: 407.2428664240193
  y: 58.0
  z: -11.699999988079067
  yaw: -61.64743
  pitch: 46.199974
money: '432930.58996376814'
logoutlocation:
  world: plotworld
  x: -80.20446851573777
  y: 65.0
  z: -2.024264295090549
  yaw: 210.75012
  pitch: 3.749958
uuid: 4338304d-1b14-45ea-8f17-e07103949012
ipAddress: 120.150.202.183
lastAccountName: monstareloaded
