uuid: 433d6fb1-8b9a-49b2-a5a8-8dc72da8583a
timestamps:
  login: 1418338911300
  lastteleport: 1417142057717
  logout: 1418338958588
ipAddress: 70.69.51.82
lastlocation:
  world: spawn
  x: 0.20929560118112722
  y: 101.0
  z: -8.943575045526783
  yaw: -7.3506384
  pitch: 3.7499924
logoutlocation:
  world: spawn
  x: 20.550287912205988
  y: 34.5
  z: -5.273748798001504
  yaw: 102.149506
  pitch: 18.149977
money: '30.0'
lastAccountName: masterblaster195
