lastAccountName: SuperEpicStarMan
timestamps:
  login: 1421613771669
  logout: 1421613797780
ipAddress: 75.72.52.21
logoutlocation:
  world: spawn
  x: 12.173903177273449
  y: 82.0
  z: -1237.3805684070205
  yaw: 253.92632
  pitch: 16.949997
money: '30.0'
