lastAccountName: Lollipopgirl_360
timestamps:
  login: 1421851092421
  lastteleport: 1421845752563
  kits:
    pvp: 1421844075605
  logout: 1421851096950
ipAddress: 83.197.150.21
lastlocation:
  world: spawn
  x: 14.5
  y: 81.5
  z: -1237.5
  yaw: 89.826904
  pitch: 0.1499731
money: '13.802499999999954'
logoutlocation:
  world: spawn
  x: 14.5
  y: 81.5
  z: -1237.5
  yaw: 90.12691
  pitch: -4.350027
