uuid: 43bc0e36-523a-4bc4-9e15-5a40e806cf9d
timestamps:
  login: 1418348603082
  lastteleport: 1418348760815
  logout: 1418349510278
ipAddress: 74.176.238.231
lastlocation:
  world: spawn
  x: -12.790998308272293
  y: 36.0
  z: -6.425541218751723
  yaw: 268.51202
  pitch: 8.549876
money: '172.25'
logoutlocation:
  world: spawn
  x: 8.706375254773402
  y: 114.0
  z: -751.4034821447481
  yaw: 267.53107
  pitch: 5.659091
lastAccountName: aligatorturtle12
