lastAccountName: Desamound
timestamps:
  login: 1422309794393
  logout: 1422309811398
ipAddress: 50.133.113.118
logoutlocation:
  world: spawn
  x: 12.310380709781548
  y: 82.0
  z: -1237.520333251401
  yaw: 89.07641
  pitch: -0.450001
money: '30.0'
