lastAccountName: jaztyboy
timestamps:
  login: 1421387852186
  logout: 1421387860106
ipAddress: 122.105.156.212
logoutlocation:
  world: spawn
  x: 14.461826923640048
  y: 81.5
  z: -1237.536211174398
  yaw: 89.07641
  pitch: -0.450001
money: '30.0'
