lastAccountName: mici100
timestamps:
  login: 1422227411925
  lastteleport: 1422216304557
  logout: 1422227450369
ipAddress: 135.23.229.185
money: '14707.0'
lastlocation:
  world: spawn
  x: 4.891150927830832
  y: 37.0
  z: -6.885647193326788
  yaw: -225.10503
  pitch: 6.2243056
logoutlocation:
  world: mines
  x: 669.4851179703462
  y: 67.0
  z: -3.2405265001219745
  yaw: 359.3065
  pitch: 36.84325
