uuid: 44a0dae6-d088-43d7-becd-94e0c0753a1c
timestamps:
  login: 1419430914452
  lastteleport: 1419431520118
  logout: 1419431614517
ipAddress: 27.253.74.165
lastlocation:
  world: spawn
  x: 0.09764396340149739
  y: 37.0
  z: -10.689237741171032
  yaw: 209.69908
  pitch: 22.949986
money: '35.0'
logoutlocation:
  world: spawn
  x: 1.8845845226040194
  y: 55.0
  z: -0.8118392921417805
  yaw: -17.548464
  pitch: 29.099997
lastAccountName: blakey_15
