lastAccountName: balthierace
timestamps:
  login: 1423962905826
  logout: 1423962932752
ipAddress: 74.194.29.113
logoutlocation:
  world: spawn
  x: 0.10074819356729467
  y: 105.5
  z: 14.49063642821926
  yaw: -209.69998
  pitch: 5.699988
money: '30.0'
