uuid: 44eae5b0-f9f6-487f-819e-9ac107c70ef7
timestamps:
  login: 1417127932225
  kits:
    color: 1416613995602
    alpha: 1416613983228
    stoner: 1417127972124
  lastteleport: 1417127966764
  logout: 1417128007857
ipAddress: 24.31.6.52
lastlocation:
  world: spawn
  x: -0.5119320211568259
  y: 29.0
  z: 15.348599027027678
  yaw: -131.92429
  pitch: 42.243248
money: '10285.25'
logoutlocation:
  world: mines
  x: 0.0
  y: 60.0
  z: 0.9398425712425686
  yaw: 15.824729
  pitch: 47.662567
lastAccountName: zachismyname
