timestamps:
  kits:
    alpha: 1417482281896
    stoner: 1417526813774
  lastteleport: 1417526860399
  logout: 1417527049220
  login: 1417526787654
lastlocation:
  world: mines
  x: 158.5256712620072
  y: 64.0
  z: -3.674252597894254
  yaw: -332.09708
  pitch: 3.9000053
money: '10112.60769230769'
logoutlocation:
  world: mines
  x: 127.46115683994887
  y: 63.0
  z: -15.78645925726546
  yaw: 300.60266
  pitch: 39.900013
uuid: 450cdd4c-01b9-4c1a-a7f3-aef4814ebc9e
ipAddress: 108.95.121.61
lastAccountName: zhuvndbhc
