uuid: 45736a84-53ad-4931-85da-f7774506f0d4
timestamps:
  login: 1420211225811
  logout: 1420211473221
ipAddress: 88.129.221.148
logoutlocation:
  world: spawn
  x: -0.1357471448933531
  y: 34.0
  z: 5.300000011920931
  yaw: 151.49945
  pitch: 1.4999769
money: '30.0'
lastAccountName: simonjeppe
