uuid: 45a92155-5246-4486-b6bb-dd3fa22991d3
timestamps:
  login: 1419999252751
  logout: 1419999269670
ipAddress: 85.9.20.147
logoutlocation:
  world: spawn
  x: 14.461826923640048
  y: 81.5
  z: -1237.536211174398
  yaw: 89.07641
  pitch: -0.450001
money: '30.0'
lastAccountName: rowdymanki
