money: '73.25'
logoutlocation:
  world: spawn
  x: 1.0644180310447016
  y: 37.0
  z: -11.759619439413765
  yaw: -174.45105
  pitch: 10.950109
timestamps:
  logout: 1417740198927
  login: 1417738431021
  lastteleport: 1417739699079
  kits:
    pvp: 1417738562857
    novice: 1417738547141
uuid: 45be120f-7f12-4513-a320-e8abd09dac9e
ipAddress: 98.110.119.127
lastlocation:
  world: spawn
  x: 1.328454494177482
  y: 55.0
  z: 9.013746789344218
  yaw: 10.951441
  pitch: 16.499996
lastAccountName: zman_133
