uuid: 45e14498-28b6-458f-a5e0-630753483152
timestamps:
  login: 1424565449252
  lastteleport: 1424565566801
  kits:
    novice: 1419751383541
    pvp: 1419751317241
    color: 1419751289471
  logout: 1424565627984
ipAddress: 71.217.116.159
lastlocation:
  world: spawn
  x: 0.45804363563480716
  y: 29.0
  z: 16.69999998807907
  yaw: 1.5124207
  pitch: 6.922659
money: '4969.6875'
logoutlocation:
  world: plotworld
  x: 0.4738962797273416
  y: 65.0
  z: -1.7761430678457608
  yaw: 0.0
  pitch: 0.0
lastAccountName: II_image
