uuid: 45fe2624-dc5c-48cf-a5b4-cd9dd73ae7f6
timestamps:
  login: 1418771532933
  lastteleport: 1418773833151
  kits:
    novice: 1418771724506
  logout: 1418776088510
ipAddress: 71.205.109.72
lastlocation:
  world: plotworld
  x: 61.65497248627317
  y: 65.0
  z: -38.10566860928883
  yaw: 299.7002
  pitch: 40.049915
money: '31148.12'
logoutlocation:
  world: plotworld
  x: 57.12174073889429
  y: 65.0
  z: -41.54605342723442
  yaw: -5.400045
  pitch: 16.500004
lastAccountName: dovakiin2001
