timestamps:
  lastteleport: 1422489904921
  kits:
    pvp: 1419961887595
  logout: 1422489952399
  login: 1422489612241
lastlocation:
  world: spawn
  x: 0.05199700722439078
  y: 55.0
  z: -12.22478613524965
  yaw: -169.49785
  pitch: 1.8000011
logoutlocation:
  world: spawn
  x: -0.30000001192093
  y: 26.0
  z: -11.299457577874403
  yaw: -125.10205
  pitch: 37.79994
money: '60.81'
lastAccountName: grunthunter108
ipAddress: 108.64.49.175
