lastAccountName: SparkyDestro
timestamps:
  login: 1423155289880
  lastteleport: 1423155649120
  logout: 1423155674006
ipAddress: 92.243.204.10
lastlocation:
  world: mines
  x: 11.12757113804656
  y: 63.0
  z: -13.628050196681281
  yaw: 82.65241
  pitch: -4.6499953
logoutlocation:
  world: plotworld
  x: 3.1409119615970496
  y: 65.5
  z: -36.016705822650806
  yaw: 232.04993
  pitch: 19.8
money: '30.0'
