uuid: 46895678-434c-46b7-9dda-852d59f77e9b
timestamps:
  login: 1424381280031
  lastteleport: 1420119986992
  logout: 1424381308020
ipAddress: 71.245.188.2
lastlocation:
  world: spawn
  x: 0.407610713541777
  y: 55.0
  z: 9.661107420614123
  yaw: -359.0984
  pitch: 9.300008
logoutlocation:
  world: spawn
  x: 12.356174821472743
  y: 81.0
  z: -1210.9778552251626
  yaw: -359.27338
  pitch: -5.549986
money: '254.71999999999997'
lastAccountName: Girl9612
