uuid: 47ef2154-fcea-4063-bd54-e991bd603ea0
timestamps:
  login: 1420034696409
  lastteleport: 1419952470418
  kits:
    novice: 1419882562534
    adept: 1419946322210
  logout: 1420034712330
ipAddress: 162.203.230.31
lastlocation:
  world: mines
  x: 295.9573586473753
  y: 48.0
  z: -8.264581406414642
  yaw: -204.32257
  pitch: 49.927647
money: '145399.60391304348'
logoutlocation:
  world: mines
  x: 292.041178612914
  y: 73.0
  z: -10.579629570760188
  yaw: 93.56293
  pitch: 23.736328
lastAccountName: bvhu1234
