lastAccountName: jpriani13
timestamps:
  login: 1421214921326
  logout: 1421214943043
ipAddress: 68.195.155.54
logoutlocation:
  world: spawn
  x: 14.461826923640048
  y: 81.5
  z: -1237.536211174398
  yaw: 88.92641
  pitch: -0.450001
money: '30.0'
