timestamps:
  lastteleport: 1416403071715
  kits:
    alpha: 1416403076518
  logout: 1416403101008
lastlocation:
  world: spawn
  x: 0.44589004966317686
  y: 34.0
  z: 6.549897423332675
  yaw: -183.38983
  pitch: -19.670828
logoutlocation:
  world: spawn
  x: 2.5463506223204764
  y: 33.0
  z: -31.1176061522561
  yaw: 44.31177
  pitch: 16.358793
money: '30.0'
lastAccountName: diamondli
