lastAccountName: penny653
timestamps:
  login: 1422281319808
  lastteleport: 1422281836798
  logout: 1422281985734
ipAddress: 114.198.114.116
lastlocation:
  world: spawn
  x: 12.683633955617553
  y: 102.0
  z: -244.52784200613095
  yaw: 270.89877
  pitch: 6.6001024
logoutlocation:
  world: spawn
  x: 14.23952834511787
  y: 93.0
  z: -246.69999998807907
  yaw: 109.199394
  pitch: 26.099983
money: '30.0'
