lastAccountName: crokeykid
timestamps:
  login: 1422978964928
  logout: 1422978971819
ipAddress: 89.101.83.46
logoutlocation:
  world: spawn
  x: 14.461826923640048
  y: 81.5
  z: -1237.536211174398
  yaw: 9.276409
  pitch: -2.2499995
money: '30.0'
