uuid: 492fe6cc-7b84-4d25-aeeb-8a1c4df0842e
timestamps:
  login: 1419575801999
  lastteleport: 1419579065066
  kits:
    color: 1419510501889
    adept: 1419578629206
  logout: 1419579156155
ipAddress: 104.54.224.197
lastlocation:
  world: spawn
  x: -0.6999999880790709
  y: 55.0
  z: 9.758467349930616
  yaw: -45.898403
  pitch: 2.2500079
money: '84078.07916666672'
logoutlocation:
  world: spawn
  x: 5.404243293966873
  y: 106.0
  z: -242.90963014311208
  yaw: 119.39879
  pitch: 7.6500845
afk: false
lastAccountName: im_ooostin
