uuid: 49fd1cb9-2fee-4427-b6cb-f4d874eecc32
timestamps:
  login: 1418448386708
  lastteleport: 1418448668211
  logout: 1418449277541
ipAddress: 71.170.122.147
lastlocation:
  world: spawn
  x: 9.222796671749315
  y: 107.0
  z: -242.46100493123512
  yaw: -136.15326
  pitch: 20.59201
logoutlocation:
  world: spawn
  x: 0.5439294322718926
  y: 37.0
  z: -10.198373469287903
  yaw: 174.96295
  pitch: 34.70398
money: '26.0'
lastAccountName: dangelo04
