lastAccountName: Lauroline1
timestamps:
  login: 1422205465189
  logout: 1422205704356
ipAddress: 24.240.139.204
logoutlocation:
  world: spawn
  x: 20.74586869996229
  y: 81.0
  z: -1215.699999988079
  yaw: 216.16806
  pitch: 17.312775
money: '30.0'
