lastAccountName: rikation
timestamps:
  login: 1424312009971
  lastteleport: 1424312151624
  logout: 1424312174427
ipAddress: 99.115.0.241
lastlocation:
  world: spawn
  x: 20.729191648752767
  y: 106.0
  z: -246.32412193459038
  yaw: 308.90668
  pitch: 21.356789
logoutlocation:
  world: spawn
  x: 28.650134991940384
  y: 35.0
  z: -7.601320102038992
  yaw: -93.094894
  pitch: -4.3409305
money: '30.0'
