uuid: 4a6b3b1c-8b8f-448f-a712-844b9901cb7d
timestamps:
  login: 1419705914803
  lastteleport: 1419706090526
  kits:
    pvp: 1417717906383
    novice: 1417899133225
    color: 1417728209953
    adept: 1417729444272
  logout: 1419706141095
ipAddress: 92.233.223.52
lastlocation:
  world: mines
  x: 270.3310531199439
  y: 63.0
  z: -3.649137418890268
  yaw: 338.25354
  pitch: 57.749985
money: '30.0'
logoutlocation:
  world: spawn
  x: 28.80802576531773
  y: 35.5
  z: -4.800000011920925
  yaw: -355.797
  pitch: 13.049985
afk: false
lastAccountName: smackratrus
