lastAccountName: court1234
timestamps:
  login: 1423263785549
  lastteleport: 1423264485409
  kits:
    pvp: 1420644092121
    novice: 1420644076068
  logout: 1423265021323
ipAddress: 132.235.116.212
lastlocation:
  world: spawn
  x: -11.347527473458971
  y: 85.0
  z: -1215.0474684806304
  yaw: -291.17276
  pitch: 24.599976
money: '2634.638586956517'
logoutlocation:
  world: parkour
  x: 0.5
  y: 80.0
  z: 0.5
  yaw: 185.05
  pitch: 3.1999996
