uuid: 4aeeb889-702d-46bc-852b-f6759e3af56c
timestamps:
  login: 1419882912380
  lastteleport: 1419882939880
  logout: 1419882955629
ipAddress: 109.182.14.208
lastlocation:
  world: spawn
  x: 12.138414105097533
  y: 94.0
  z: -237.5508706330642
  yaw: -15.300232
  pitch: 3.5999696
logoutlocation:
  world: spawn
  x: 0.9040039705958562
  y: 107.0
  z: -246.2393108651428
  yaw: 61.048824
  pitch: 17.550093
money: '30.0'
lastAccountName: djkevin800
