uuid: 4b18673e-398e-4214-8a75-a68dae3c5bf1
timestamps:
  login: 1419465313308
  logout: 1419465413925
ipAddress: 5.70.225.108
logoutlocation:
  world: spawn
  x: 3.1873599193993067
  y: 33.5
  z: 16.213113453516446
  yaw: 40.80017
  pitch: 25.200016
money: '30.0'
lastAccountName: wazza21
