uuid: 4b29f248-ff8b-4e0d-ba8f-32ff46e223e9
timestamps:
  login: 1419808098969
  logout: 1419808142863
ipAddress: 108.49.198.129
logoutlocation:
  world: spawn
  x: 15.707252944364441
  y: 82.0
  z: -1238.1211240952678
  yaw: 157.9262
  pitch: -20.849998
money: '30.0'
lastAccountName: cm45prod
