uuid: 4b9f47fc-5543-4388-ad5e-b15f32f9cd59
timestamps:
  login: 1420144580706
  logout: 1420144658942
ipAddress: 76.183.220.207
logoutlocation:
  world: spawn
  x: 14.797773638793252
  y: 81.0
  z: -1261.4769242231478
  yaw: 78.42627
  pitch: 20.549984
money: '30.0'
lastAccountName: greysonrt
