uuid: 4bb288ea-c260-4a03-8e5f-6b11e5ab4e94
timestamps:
  login: 1419944177623
  lastteleport: 1419944687984
  kits:
    novice: 1419944512837
    color: 1419944525282
  logout: 1419944724976
ipAddress: 86.94.35.59
lastlocation:
  world: spawn
  x: -11.109029323080726
  y: 36.0
  z: -5.844155249918459
  yaw: -103.20041
  pitch: 2.3999922
logoutlocation:
  world: spawn
  x: 0.9872876688054388
  y: 55.0
  z: 3.1187621560477004
  yaw: -188.99823
  pitch: 4.1999955
money: '80.5'
lastAccountName: idusdannyi
