lastAccountName: MGP74
timestamps:
  login: 1421535195375
  logout: 1421535222930
  lastteleport: 1421120194360
  kits:
    pvp: 1420756775581
    novice: 1420690174743
    color: 1420688100050
    adept: 1420691585725
ipAddress: 68.104.128.180
logoutlocation:
  world: mines
  x: 17.9052191077913
  y: 49.0
  z: -10.484542433821305
  yaw: 335.26508
  pitch: 6.861288
lastlocation:
  world: mines
  x: 692.4791628967414
  y: 68.0
  z: -18.3336452491255
  yaw: -182.03961
  pitch: 55.024364
money: '15021.992608695662'
