uuid: 4c2b327d-0797-447a-b53f-856ae25d9659
timestamps:
  login: 1419997476088
  logout: 1419997478113
ipAddress: 108.252.162.111
money: '30.0'
logoutlocation:
  world: spawn
  x: 25.679998499090328
  y: 81.0
  z: -1221.0503871623132
  yaw: 165.87538
  pitch: 31.950018
lastAccountName: donnieseesyou
