lastAccountName: MySmilePotato
timestamps:
  login: 1424497854446
  lastteleport: 1424498666481
  logout: 1424498674566
  kits:
    expert: 1424498312770
    pvp: 1423855343162
    novice: 1423132804582
    color: 1423132864818
    adept: 1423428762982
ipAddress: 84.95.207.115
lastlocation:
  world: world_the_end
  x: -171.12478524837195
  y: -45.15526039229181
  z: 2.7513877394695663
  yaw: 348.29993
  pitch: 83.99994
logoutlocation:
  world: spawn
  x: 16.49961664014389
  y: 81.0
  z: -1254.2930676868355
  yaw: 183.27692
  pitch: -10.050027
money: '20977622.717826076'
afk: false
