lastAccountName: Keiy98
timestamps:
  login: 1422987096102
  lastteleport: 1422987326313
  logout: 1422987360506
ipAddress: 77.105.250.223
lastlocation:
  world: spawn
  x: 12.4445579224633
  y: 102.0
  z: -243.161470223364
  yaw: -129.60115
  pitch: 5.550108
logoutlocation:
  world: spawn
  x: 14.57345521290062
  y: 95.0
  z: -241.44143979255597
  yaw: 270.5994
  pitch: 15.749991
money: '30.0'
