lastAccountName: Jayden14ff
timestamps:
  login: 1421832575342
  logout: 1421832634402
ipAddress: 58.164.37.130
logoutlocation:
  world: spawn
  x: 14.461826923640048
  y: 81.5
  z: -1237.536211174398
  yaw: 89.07641
  pitch: -0.450001
money: '30.0'
