lastAccountName: slangen09
timestamps:
  login: 1424082729757
  lastteleport: 1424082911821
  logout: 1424082974799
ipAddress: 178.249.125.183
money: '108374.71000000002'
lastlocation:
  world: spawn
  x: -0.6999999880790755
  y: 26.0
  z: -4.300000011920929
  yaw: -297.45596
  pitch: 42.55993
logoutlocation:
  world: mines
  x: 244.33382061359217
  y: 51.0
  z: -11.699999988079073
  yaw: -297.5158
  pitch: 27.934507
