lastAccountName: XxKnightHDxX
timestamps:
  login: 1424120272384
  lastteleport: 1424120024109
  logout: 1424120550412
ipAddress: 71.63.122.31
lastlocation:
  world: spawn
  x: 2.651954907780469
  y: 33.0
  z: -29.53153472637442
  yaw: -48.74707
  pitch: 12.299959
money: '10030.0'
logoutlocation:
  world: plotworld
  x: 65.33662428454123
  y: 65.0
  z: -15.23506141433807
  yaw: 2.7000155
  pitch: 14.849998
