uuid: 4ebe20d6-f263-4581-b4c0-8dc437459559
timestamps:
  login: 1419445644909
  lastteleport: 1419445697424
  kits:
    novice: 1419443739434
    pvp: 1419442608130
    color: 1419443048140
  logout: 1419445744127
ipAddress: 76.16.145.252
lastlocation:
  world: mines
  x: 159.69999998807907
  y: 56.0
  z: -12.755133096673237
  yaw: -111.304504
  pitch: -23.461487
money: '8517.0'
logoutlocation:
  world: mines
  x: 153.92289933838669
  y: 60.0
  z: -11.699999988079071
  yaw: -149.77466
  pitch: 57.335194
lastAccountName: mbutz
