lastAccountName: bluegalxyrs
timestamps:
  login: 1424357525627
  logout: 1424357631724
ipAddress: 99.115.0.122
logoutlocation:
  world: spawn
  x: 34.298422963127834
  y: 81.0
  z: -1235.4462945442049
  yaw: 54.63473
  pitch: 41.499275
money: '30.0'
