uuid: 4ee7b87f-5166-40a7-ab3d-39a3eea0bc01
timestamps:
  login: 1419987325244
  logout: 1419987733828
  lastteleport: 1419175144889
ipAddress: 50.143.34.59
money: '0.0'
logoutlocation:
  world: plotworld
  x: -60.699999988079064
  y: 65.0
  z: 102.94328157818384
  yaw: 357.7945
  pitch: 38.93452
lastlocation:
  world: mines
  x: 549.8409600021996
  y: 66.0625
  z: -17.57291586077581
  yaw: -177.2697
  pitch: 16.333368
nickname: Dark
lastAccountName: sebbycoco
