lastAccountName: 007milo
timestamps:
  login: 1421079454241
  lastteleport: 1421080716877
  logout: 1421080761289
ipAddress: 86.21.114.109
money: '34.25'
lastlocation:
  world: mines
  x: -10.350556794559559
  y: 63.0
  z: -17.37892751672122
  yaw: -45.74696
  pitch: 17.849993
logoutlocation:
  world: plotworld
  x: 6.237500011920929
  y: 55.0
  z: 37.77385327814348
  yaw: -11.849916
  pitch: 6.749907
