uuid: 4f81d119-bede-46a9-b7d2-c2f0ea3d4121
timestamps:
  login: 1419936999749
  lastteleport: 1419937232913
  kits:
    pvp: 1419678828642
    novice: 1419678805937
    color: 1419680020777
  logout: 1419937257124
ipAddress: 78.19.45.33
lastlocation:
  world: plotworld
  x: -9.445731247098193
  y: 65.5
  z: 50.7481761474457
  yaw: -286.78482
  pitch: 0.88750196
money: '1138.3700000000001'
logoutlocation:
  world: mines
  x: 44.75029088422304
  y: 58.0
  z: -9.060872886438812
  yaw: 218.86888
  pitch: 31.430084
lastAccountName: theragedsheepmc
