timestamps:
  lastteleport: 1421299210365
  logout: 1421299220366
lastlocation:
  world: spawn
  x: -18.81605856615488
  y: 35.0
  z: -6.674729965288562
  yaw: -89.8505
  pitch: 6.450004
money: '160.0'
logoutlocation:
  world: spawn
  x: 0.4794890349730849
  y: 55.0
  z: 6.616934660515128
  yaw: -181.19841
  pitch: -4.3500013
