lastAccountName: Keroclir
timestamps:
  login: 1423241481438
  lastteleport: 1423241553283
  logout: 1423241555298
ipAddress: 81.249.40.223
lastlocation:
  world: spawn
  x: 1.6744748311851914
  y: 33.0
  z: -37.77677895938392
  yaw: 132.69409
  pitch: 7.382485
logoutlocation:
  world: spawn
  x: 23.5
  y: 114.0
  z: -244.5
  yaw: -0.6442235
  pitch: 24.338568
money: '30.0'
