lastAccountName: evilgoatboy
timestamps:
  login: 1423522374051
  logout: 1423522552726
  lastteleport: 1423522519821
ipAddress: 66.69.199.153
money: '10030.0'
logoutlocation:
  world: spawn
  x: 6.286019640017248
  y: 26.0
  z: 2.6999999880790697
  yaw: 137.9278
  pitch: 9.377046
lastlocation:
  world: spawn
  x: 0.3363818671386831
  y: 29.5
  z: 54.182145028386415
  yaw: -6.428967
  pitch: 32.58969
