lastAccountName: rocketman5975
timestamps:
  login: 1421775463752
  lastteleport: 1421681641965
  logout: 1421775570429
ipAddress: 120.21.79.37
lastlocation:
  world: spawn
  x: 7.287428528024238
  y: 37.0
  z: -6.129109942004094
  yaw: -94.49713
  pitch: 25.499956
logoutlocation:
  world: spawn
  x: 5.15537479917095
  y: 82.0
  z: -1238.1082922173691
  yaw: 90.876915
  pitch: 18.449976
money: '30.0'
