lastAccountName: pinkspasm400
timestamps:
  login: 1420728156669
  logout: 1420728171568
ipAddress: 24.235.248.122
logoutlocation:
  world: spawn
  x: 11.682959990594705
  y: 82.0
  z: -1237.5171576668017
  yaw: 89.07641
  pitch: 0.599999
money: '30.0'
