uuid: 51f300bd-3c12-4b06-ae73-e704e8ee3398
timestamps:
  login: 1419441390016
  lastteleport: 1419441866320
  kits:
    novice: 1419441543157
    pvp: 1419441529304
  logout: 1419442047603
ipAddress: 197.87.205.88
lastlocation:
  world: spawn
  x: -1.2788944526568338
  y: 28.0
  z: -12.699999988079064
  yaw: -5.8126254
  pitch: 18.559109
logoutlocation:
  world: spawn
  x: -7.604349708198383
  y: 33.0
  z: -34.753542686685265
  yaw: -2.4831154
  pitch: 12.896089
money: '20.0'
lastAccountName: captaincraftsa
