uuid: 524f5522-ab68-43d1-8e66-2964ae2378fa
timestamps:
  login: 1417358369169
  logout: 1417358398129
ipAddress: 151.227.140.30
logoutlocation:
  world: spawn
  x: 1.298758036918568
  y: 33.0
  z: 17.306245924467863
  yaw: -102.900024
  pitch: 18.150084
money: '30.0'
lastAccountName: jdoc
