lastAccountName: Operation_115
timestamps:
  login: 1422632397568
  logout: 1422632410294
ipAddress: 109.150.156.37
logoutlocation:
  world: spawn
  x: 14.461826923640048
  y: 81.5
  z: -1237.536211174398
  yaw: 89.07641
  pitch: -0.450001
money: '30.0'
