lastAccountName: _AsianPanda
timestamps:
  login: 1420428866162
  logout: 1420429068283
ipAddress: 67.122.138.89
money: '130.0'
logoutlocation:
  world: spawn
  x: 19.51194595348793
  y: 82.0
  z: -1237.2858423980952
  yaw: -267.63
  pitch: 3.0000348
