uuid: 5368174c-7e99-4b28-b4d3-cab960dd8eec
timestamps:
  login: 1417872740876
  lastteleport: 1417646192192
  kits:
    pvp: 1417872781834
    novice: 1417872751578
  logout: 1417872818434
ipAddress: 184.147.14.74
lastlocation:
  world: spawn
  x: 10.620879846617573
  y: 106.0
  z: -253.12977168427673
  yaw: -174.36986
  pitch: 10.296856
logoutlocation:
  world: spawn
  x: -1.450551068718596
  y: 28.000082031250003
  z: -3.300000011920929
  yaw: 230.35535
  pitch: 89.868225
money: '30.0'
lastAccountName: chubbyduck1
