lastAccountName: recnic
timestamps:
  login: 1422973724890
  logout: 1422973777266
ipAddress: 86.144.237.39
logoutlocation:
  world: spawn
  x: 12.199999988079073
  y: 81.5
  z: -1227.9492928160134
  yaw: -338.87027
  pitch: 14.09984
money: '30.0'
