lastAccountName: KillerCraftFtw1
timestamps:
  login: 1420663660772
  lastteleport: 1420664139932
  kits:
    pvp: 1420663903575
    novice: 1420663887022
  logout: 1420664331933
ipAddress: 67.81.180.159
lastlocation:
  world: spawn
  x: 9.663900079623204
  y: 106.0
  z: -251.46989634759169
  yaw: -156.00114
  pitch: -1.0499291
logoutlocation:
  world: spawn
  x: -20.855683385178775
  y: 35.0
  z: -6.9920181592923525
  yaw: 86.84924
  pitch: -24.000004
money: '46.0'
