uuid: 53ef84d3-2951-4c1e-b18f-812da887dc6f
timestamps:
  login: 1416410869387
  logout: 1416410898862
ipAddress: 50.138.79.156
logoutlocation:
  world: spawn
  x: 0.5998558901090338
  y: 102.74241333191203
  z: -11.967741904372629
  yaw: -359.85046
  pitch: 1.3500036
money: '30.0'
lastAccountName: godfather456
