logoutlocation:
  world: plotworld
  x: -9.127823731890308
  y: 65.015625
  z: 21.17891451709494
  yaw: 195.90042
  pitch: 28.049969
timestamps:
  logout: 1420219899138
  login: 1420219896546
  lastteleport: 1420214707398
money: '91.47'
uuid: 54167b60-e1ce-45d0-976b-b2c4020d00c1
ipAddress: 173.176.90.206
lastlocation:
  world: spawn
  x: 2.053932131675293
  y: 29.5
  z: 52.74272375418492
  yaw: 37.349594
  pitch: 16.499989
lastAccountName: shxqc
