uuid: 5430296c-0750-44d3-bdb7-5ca8e836a54e
timestamps:
  login: 1423886991003
  lastteleport: 1419958938680
  logout: 1423887028318
ipAddress: 132.170.33.96
lastlocation:
  world: spawn
  x: 18.395745843287383
  y: 82.0
  z: -1232.0263628645246
  yaw: 73.77643
  pitch: 5.2500095
money: '30.0'
logoutlocation:
  world: parkour
  x: -26.89789165494255
  y: 83.0
  z: -32.70464671077887
  yaw: -179.40002
  pitch: -35.700005
lastAccountName: JulianD26
