uuid: 54a02fad-b48b-4b0b-8883-d16986c5bba3
timestamps:
  login: 1419391770096
  lastteleport: 1419392019063
  logout: 1419392210570
ipAddress: 24.127.171.228
lastlocation:
  world: spawn
  x: 0.4028315738985521
  y: 29.0
  z: 53.37198176859794
  yaw: -7.0505185
  pitch: 3.4499838
logoutlocation:
  world: spawn
  x: 2.171966112251409
  y: 26.0
  z: -10.399920064878001
  yaw: -187.94666
  pitch: -1.7999729
money: '30.0'
lastAccountName: bobafett11891
