lastAccountName: lauren0904
timestamps:
  login: 1423307129485
  lastteleport: 1423294302367
  kits:
    expert: 1423203232994
    pvp: 1423203235787
    novice: 1423203240637
    color: 1422959830343
    adept: 1423203237885
  logout: 1423307307552
ipAddress: 124.186.105.186
money: '9605483.099999996'
lastlocation:
  world: spawn
  x: 8.931870285719137
  y: 139.5
  z: -231.86063115434618
  yaw: -1.0992928
  pitch: 32.700035
logoutlocation:
  world: plotworld
  x: 87.00985340328012
  y: 65.5
  z: -77.06810762000772
  yaw: 119.85051
  pitch: 29.250078
