uuid: 5558f461-6e09-40ab-99eb-405f97ff8e5a
timestamps:
  login: 1417127080021
  lastteleport: 1417048202998
  logout: 1417055869890
ipAddress: 190.110.195.202
lastlocation:
  world: spawn
  x: 11.41249759264533
  y: 95.0
  z: -245.69999998807907
  yaw: 224.54791
  pitch: 26.40006
logoutlocation:
  world: spawn
  x: 11.937994774105366
  y: 123.0
  z: -242.69013155922107
  yaw: 2.6498692
  pitch: 18.177755
money: '30.0'
lastAccountName: gizmomist
