uuid: 555987f7-2f7f-4171-8deb-8e1ee02c5145
timestamps:
  login: 1418684007472
  logout: 1418684117646
ipAddress: 87.115.22.108
money: '30.0'
logoutlocation:
  world: spawn
  x: 1.1249100386793898
  y: 101.0625
  z: -8.955148773104288
  yaw: -354.7507
  pitch: -6.2999935
lastAccountName: scottishgaming21
