lastAccountName: Eagle_9977
timestamps:
  login: 1422553567335
  logout: 1422553860749
ipAddress: 99.181.22.115
logoutlocation:
  world: spawn
  x: 31.40429648708531
  y: 81.0
  z: -1237.3995780629343
  yaw: -108.7738
  pitch: 29.699999
money: '30.0'
