uuid: 55b004ef-6925-4725-945b-736d56f21595
timestamps:
  login: 1416410834681
  logout: 1416410898862
ipAddress: 50.138.79.156
logoutlocation:
  world: spawn
  x: 0.5998558901090338
  y: 102.74241333191203
  z: -11.967741904372629
  yaw: -359.85046
  pitch: 1.3500036
money: '30.0'
lastAccountName: free_soil
