uuid: 56097e64-a66c-4340-9799-2803a74f4dc8
timestamps:
  login: 1419932499404
  logout: 1419932523060
ipAddress: 76.31.166.110
logoutlocation:
  world: spawn
  x: 4.246919060142357
  y: 82.0
  z: -1234.4479770381101
  yaw: -27.323519
  pitch: 5.0999846
money: '30.0'
lastAccountName: rangerrrrr
