timestamps:
  lastteleport: 1419290166024
  logout: 1419291141794
lastlocation:
  world: spawn
  x: -0.2955841320571506
  y: 29.0
  z: 52.26891831693834
  yaw: 1.0494965
  pitch: 19.199995
logoutlocation:
  world: spawn
  x: -22.889189635726225
  y: 35.0
  z: -6.032972184787764
  yaw: 326.99832
  pitch: -7.200006
money: '30.0'
lastAccountName: mrskybloxer
