lastAccountName: doomguy9999
timestamps:
  login: 1422987531913
  lastteleport: 1422988219254
  kits:
    adept: 1422987900646
  logout: 1422988717255
ipAddress: 151.226.89.133
lastlocation:
  world: mines
  x: 389.4344596846257
  y: 63.0
  z: -13.934052156923002
  yaw: -275.54803
  pitch: 28.807274
money: '4334955.0'
logoutlocation:
  world: spawn
  x: 6.86530339609729
  y: 141.0
  z: -237.61433890168198
  yaw: -22.886366
  pitch: 10.923149
