timestamps:
  lastteleport: 1417915248533
  logout: 1417915292587
lastlocation:
  world: spawn
  x: 1.5815131098256063
  y: 34.0
  z: 8.975114570822367
  yaw: -211.80096
  pitch: -4.350009
logoutlocation:
  world: spawn
  x: 1.6483986666167736
  y: 26.0
  z: -5.300000011920928
  yaw: -348.90063
  pitch: 26.249989
money: '30.0'
lastAccountName: slimjd02
