uuid: 57f5b5cc-33a6-4eb8-bdbe-93316c0fa31f
timestamps:
  login: 1419428899017
  lastteleport: 1419429963275
  logout: 1419429989007
ipAddress: 24.28.75.166
lastlocation:
  world: mines
  x: -12.07263151217212
  y: 63.0
  z: -5.559376022286964
  yaw: -170.07382
  pitch: 4.6872354
logoutlocation:
  world: spawn
  x: -0.5998925608247956
  y: 37.0
  z: -4.05989827567901
  yaw: -64.32426
  pitch: 11.405823
money: '205.0'
lastAccountName: jedimaster221
