lastAccountName: teagle211
timestamps:
  login: 1422652248404
  lastteleport: 1422652963927
  kits:
    pvp: 1422652366973
    novice: 1422652352517
    adept: 1422652920116
  logout: 1422652975078
ipAddress: 86.170.248.7
lastlocation:
  world: spawn
  x: -4.326152724474823
  y: 75.0
  z: -271.66374121296144
  yaw: -51.498684
  pitch: 14.366713
money: '15086.849999999999'
logoutlocation:
  world: spawn
  x: 14.655890470428401
  y: 81.0
  z: -1210.526454451122
  yaw: 159.90923
  pitch: -0.099861205
