lastAccountName: charliedanton
timestamps:
  login: 1421153320894
  logout: 1421153400285
ipAddress: 94.202.82.51
logoutlocation:
  world: spawn
  x: 0.7267894416579352
  y: 29.0
  z: 15.378077479408347
  yaw: 174.82922
  pitch: -81.83255
money: '30.0'
