lastAccountName: FootballPro_1433
timestamps:
  login: 1423360943634
  logout: 1423360957756
ipAddress: 72.106.116.18
logoutlocation:
  world: spawn
  x: 0.4769822985378425
  y: 102.0
  z: 7.611139526203878
  yaw: 0.11477661
  pitch: 6.905694
money: '30.0'
