lastAccountName: Alfura99
timestamps:
  login: 1422982522174
  logout: 1422982619893
ipAddress: 85.24.180.135
logoutlocation:
  world: spawn
  x: 14.17271304393306
  y: 81.0
  z: -1220.2363469639347
  yaw: -4.6733174
  pitch: 21.300001
money: '30.0'
