uuid: 5a5ef9fd-2b5f-4a9a-b14e-70b1536989b6
timestamps:
  login: 1418814132809
  logout: 1418814128307
ipAddress: 86.25.18.100
logoutlocation:
  world: spawn
  x: 0.5965571837776271
  y: 101.95841331665322
  z: -11.922756529936846
  yaw: 3.2549825
  pitch: 58.046467
money: '30.0'
lastAccountName: nishant321
