lastAccountName: Jacob38172
timestamps:
  login: 1422483986253
  lastteleport: 1422482169376
  kits:
    novice: 1422478494851
  logout: 1422484370917
ipAddress: 70.181.23.41
lastlocation:
  world: plotworld
  x: -7.044871164917038
  y: 67.0
  z: -86.28849658119798
  yaw: -224.24957
  pitch: 15.000002
logoutlocation:
  world: mines
  x: 19.553773317328893
  y: 62.015625
  z: -8.003905064320396
  yaw: 202.64056
  pitch: 12.900005
money: '2101.0499999999993'
