timestamps:
  lastteleport: 1418568253428
  kits:
    novice: 1418423261154
  logout: 1418568440372
  login: 1418568072744
lastlocation:
  world: spawn
  x: -3.3700628966438386
  y: 55.0
  z: 2.8058614806370348
  yaw: -127.49832
  pitch: 25.200014
logoutlocation:
  world: spawn
  x: -1.300000011920929
  y: 30.0
  z: -4.482869169183306
  yaw: 219.44853
  pitch: 40.65003
money: '65.5'
uuid: 5b4b1e2d-c2f0-46c4-baa3-48e2a9f9805d
ipAddress: 90.219.123.118
lastAccountName: jamiecantmine
