lastAccountName: elister1
timestamps:
  login: 1422574063391
  lastteleport: 1422574504566
  logout: 1422574656120
ipAddress: 74.75.237.43
lastlocation:
  world: spawn
  x: 10.813198525384943
  y: 106.0
  z: -251.95135846647193
  yaw: 180.74872
  pitch: 4.350078
logoutlocation:
  world: spawn
  x: 0.02468627400608467
  y: 35.0
  z: -24.16073910872345
  yaw: -28.800415
  pitch: 16.050003
money: '60.0'
