timestamps:
  lastteleport: 1417856292165
  kits:
    alpha: 1416416065910
  logout: 1417955267550
  login: 1417955258136
lastlocation:
  world: spawn
  x: 13.916444184255463
  y: 108.0
  z: -254.50556066586034
  yaw: -89.87784
  pitch: 35.460987
money: '30.0'
logoutlocation:
  world: spawn
  x: 0.038909509692625965
  y: 37.0
  z: -8.273893609751305
  yaw: -57.4029
  pitch: 38.57715
uuid: 5c91ca0d-a6fa-43ea-b011-328c7d1f9c56
ipAddress: 2.218.181.208
lastAccountName: matty_ash
