timestamps:
  lastteleport: 1419848662505
  kits:
    pvp: 1419792187815
  logout: 1419848670985
  login: 1419848521108
lastlocation:
  world: spawn
  x: 27.644315557058068
  y: 35.0
  z: -8.16414329918323
  yaw: -313.7975
  pitch: 7.9499927
logoutlocation:
  world: spawn
  x: -0.826084383764857
  y: 80.5
  z: -1237.598491069225
  yaw: 91.92685
  pitch: -0.30002567
money: '30.0'
uuid: 5d34681a-9b70-4968-86cc-8785407a71da
ipAddress: 88.189.39.103
lastAccountName: lennon2107
