lastAccountName: Derek_Lan
timestamps:
  login: 1424658378904
  logout: 1424658655794
  lastteleport: 1424658499724
  kits:
    expert: 1424642255824
    novice: 1424290417862
    pvp: 1422620663254
    color: 1424642898274
    guard: 1423535083954
    changelog: 1423007477761
    adept: 1424290470944
  jail: 0
  mute: 0
ipAddress: 173.76.89.249
logoutlocation:
  world: world_the_end
  x: 18.609760958561505
  y: 62.0
  z: -84.10171645447988
  yaw: 252.60002
  pitch: 35.399944
lastlocation:
  world: free
  x: 1447.5735225067529
  y: 20.5595818607793
  z: 255.18594286883797
  yaw: -80.55034
  pitch: 33.749985
money: '169879.55950594'
afk: false
nickname: §dD§ae§br§ee§ak
jailed: false
godmode: false
socialspy: false
homes:
  home:
    world: free
    x: 1468.079265220342
    y: 4.5
    z: 253.11002471936172
    yaw: -87.450325
    pitch: 84.149994
muted: false
