uuid: 5da695ba-0e64-4a0c-bc92-9ff9cfe5fadb
timestamps:
  login: 1418315928964
  lastteleport: 1418315994465
  logout: 1418316028361
ipAddress: 92.26.246.62
lastlocation:
  world: spawn
  x: 0.7084023133815271
  y: 34.0
  z: 9.333840773114808
  yaw: -111.133545
  pitch: -90.0
logoutlocation:
  world: spawn
  x: 0.5914296932633598
  y: 29.0
  z: 43.90436463441178
  yaw: 0.31388855
  pitch: -33.850792
money: '30.0'
lastAccountName: minermeef
