uuid: 5e36cc82-6029-471f-924b-9f84ac35863d
timestamps:
  login: 1417707673507
  lastteleport: 1417707787922
  kits:
    alpha: 1417354137954
  logout: 1417707798630
ipAddress: 71.176.79.112
lastlocation:
  world: spawn
  x: 0.7783283254130399
  y: 102.0
  z: -11.11091598136192
  yaw: -359.85046
  pitch: 1.3500036
logoutlocation:
  world: mines
  x: 25.234326741297558
  y: 63.0
  z: -4.252831184461268
  yaw: -38.4566
  pitch: 11.5862
money: '163.0'
lastAccountName: fujiboy4
