uuid: 5ed2e75f-ad51-40bc-8a32-f7b96b5f9927
timestamps:
  login: 1419651436991
  logout: 1419651539245
ipAddress: 69.178.35.101
logoutlocation:
  world: spawn
  x: 0.47353047307622276
  y: 29.33422208708647
  z: 15.701404527660685
  yaw: 310.49988
  pitch: -54.0
money: '30.0'
lastAccountName: yofranky12
