lastAccountName: bubz052
timestamps:
  login: 1422550246887
  lastteleport: 1422550310098
  logout: 1422550390059
ipAddress: 79.176.130.139
lastlocation:
  world: spawn
  x: 14.191214240224298
  y: 82.0
  z: -1241.5659409718548
  yaw: -337.3736
  pitch: 17.249998
logoutlocation:
  world: spawn
  x: -0.8305158492027912
  y: 29.5
  z: 41.195462739440146
  yaw: -0.9004703
  pitch: 11.250007
money: '30.0'
