timestamps:
  lastteleport: 1419379201044
  logout: 1419379337400
  login: 1419374920677
  kits:
    pvp: 1419375273852
    color: 1419375220203
    adept: 1419378546440
lastlocation:
  world: mines
  x: 249.4646510997739
  y: 61.0
  z: -19.69999998807907
  yaw: 6.9035645
  pitch: 10.499995
logoutlocation:
  world: spawn
  x: 14.5
  y: 81.5
  z: -1237.5
  yaw: 88.62689
  pitch: 0.1499731
uuid: 5eecfeb1-e659-4e4f-9f55-b8c02d7ee1fa
ipAddress: 72.95.146.114
money: '13400.666304347824'
lastAccountName: luigi15241
