uuid: 5f386735-d879-4cec-8967-972847fe5bdf
timestamps:
  login: 1418948495622
  lastteleport: 1418948632729
  logout: 1418948635336
ipAddress: 75.138.199.1
lastlocation:
  world: spawn
  x: 20.45056964427871
  y: 35.0
  z: -1.5891744471246527
  yaw: -343.05078
  pitch: -4.2000327
logoutlocation:
  world: spawn
  x: -29.547791936476667
  y: 80.0
  z: -244.71782038547866
  yaw: -100.519745
  pitch: 15.900017
money: '30.0'
lastAccountName: corbinsworld
