uuid: 5f4b35cb-e40d-46d3-b154-35c2de95136f
timestamps:
  login: 1419871245280
  logout: 1419871692531
  lastteleport: 1419871439099
ipAddress: 98.254.238.111
logoutlocation:
  world: spawn
  x: 2.0573209535216894
  y: 32.0
  z: -13.074999988079071
  yaw: 153.14856
  pitch: 37.050007
lastlocation:
  world: spawn
  x: 11.477308022343554
  y: 106.0
  z: -252.34755638184564
  yaw: 148.34886
  pitch: 7.0499873
money: '30.0'
lastAccountName: marcey_123
