uuid: 5f4ebc82-e0c6-490d-82c8-c461b70440bd
timestamps:
  login: 1420166935950
  logout: 1420166965636
ipAddress: 74.15.153.63
logoutlocation:
  world: spawn
  x: 25.43387482128516
  y: 81.5
  z: -1216.3086709252036
  yaw: 146.67654
  pitch: 13.20002
money: '30.0'
lastAccountName: a0296905
