uuid: 5f8fdce1-bd8c-4380-9c16-94f2ea8121ce
timestamps:
  login: 1419863817758
  lastteleport: 1419864931588
  logout: 1419865013911
ipAddress: 39.50.159.43
lastlocation:
  world: mines
  x: -12.337903249309537
  y: 63.0
  z: -17.41024454315644
  yaw: -24.29486
  pitch: 19.800016
logoutlocation:
  world: plotworld
  x: -4.477283684023313
  y: 65.0
  z: 71.2047819818674
  yaw: -194.99994
  pitch: 27.750002
money: '187.25'
lastAccountName: myrakhan900
