uuid: 5fd2c1dd-8177-4e43-a461-ee7aa581e21b
timestamps:
  login: 1419428668418
  lastteleport: 1419428781555
  logout: 1419428785003
ipAddress: 67.253.242.131
lastlocation:
  world: spawn
  x: 0.5523625377730913
  y: 29.5
  z: 53.87069356091035
  yaw: 0.14949058
  pitch: 16.650015
logoutlocation:
  world: spawn
  x: 22.727184220820458
  y: 34.0
  z: -5.7208612699735575
  yaw: 63.002853
  pitch: -0.75002784
money: '30.0'
lastAccountName: noahjoe9
