lastAccountName: BodyOdor
timestamps:
  login: 1424538231467
  lastteleport: 1424537530128
  logout: 1424538458424
ipAddress: 174.96.66.197
lastlocation:
  world: spawn
  x: 0.9405493525952473
  y: 29.0
  z: 44.2314898728362
  yaw: 359.9995
  pitch: 13.500004
logoutlocation:
  world: spawn
  x: -5.43358359745032
  y: 29.0
  z: -11.948646852641623
  yaw: -353.85007
  pitch: 40.34998
money: '129.63'
