uuid: 5ffe344c-7dee-4fd8-899e-52c340dfc4fd
timestamps:
  login: 1417845743592
  logout: 1417845753167
ipAddress: 79.141.164.13
logoutlocation:
  world: spawn
  x: 0.5998558901090338
  y: 102.0
  z: -11.967741904372629
  yaw: -359.85046
  pitch: 1.3500036
money: '30.0'
lastAccountName: m12345micah
