lastAccountName: im_4_SQUARE
timestamps:
  login: 1420846871595
  lastteleport: 1420847056411
  logout: 1420847248108
ipAddress: 69.76.183.156
lastlocation:
  world: spawn
  x: 10.60812372181025
  y: 106.0
  z: -252.71037002344858
  yaw: 183.74872
  pitch: 5.550068
logoutlocation:
  world: spawn
  x: -0.1532616458105069
  y: 37.0625
  z: -4.516947158034524
  yaw: 134.09946
  pitch: 25.950027
money: '30.0'
