uuid: 60841766-8cf7-4c71-adbe-d79bc1645ef5
timestamps:
  login: 1418765692857
  lastteleport: 1418765876382
  kits:
    alpha: 1416859311582
  logout: 1418766128124
ipAddress: 86.11.24.180
lastlocation:
  world: mines
  x: 598.321713456225
  y: 78.0
  z: -4.052696270217226
  yaw: -173.2649
  pitch: 10.64999
logoutlocation:
  world: spawn
  x: 0.5
  y: 37.0
  z: -6.5
  yaw: -180.15056
  pitch: 1.6499914
money: '44.0'
lastAccountName: mcmiraclegirl
