lastAccountName: ruffinguy
timestamps:
  login: 1423887937004
  lastteleport: 1423887575862
  logout: 1423889043882
ipAddress: 71.90.167.108
lastlocation:
  world: plotworld
  x: -84.65406702567583
  y: 65.0
  z: -19.96241768299326
  yaw: -34.235474
  pitch: 26.252459
money: '267.73'
logoutlocation:
  world: spawn
  x: 14.294616438911701
  y: 81.5
  z: -1237.4996993402601
  yaw: 121.68887
  pitch: 10.471456
