lastAccountName: hunter11012000
timestamps:
  login: 1420331587888
  logout: 1420331610950
ipAddress: 50.107.148.46
logoutlocation:
  world: spawn
  x: 14.239557120285298
  y: 82.0
  z: -1237.43366661436
  yaw: 339.72626
  pitch: 24.6
money: '30.0'
