uuid: 61f646f9-1ea0-402b-97cb-41e4ff34eacd
timestamps:
  login: 1416410826098
  logout: 1416410898862
ipAddress: 50.138.79.156
logoutlocation:
  world: spawn
  x: 0.5998558901090338
  y: 102.74241333191203
  z: -11.967741904372629
  yaw: -359.85046
  pitch: 1.3500036
money: '30.0'
lastAccountName: obtusemoose
