lastAccountName: Swooperplays
timestamps:
  login: 1423758628444
  lastteleport: 1423758776357
  logout: 1423758819309
ipAddress: 80.73.214.230
lastlocation:
  world: spawn
  x: 1.1298848519132483
  y: 26.0
  z: -7.8236979029600935
  yaw: 140.81917
  pitch: -50.87625
money: '80.0'
logoutlocation:
  world: spawn
  x: 21.69999998807907
  y: 78.0
  z: -249.08198049056438
  yaw: 280.0009
  pitch: 26.301134
