uuid: 625b382f-7078-4724-aedd-9b5c3a562a00
timestamps:
  login: 1419330818841
  logout: 1419330828277
ipAddress: 85.210.52.255
logoutlocation:
  world: spawn
  x: 0.5
  y: 102.0
  z: -11.5
  yaw: -358.20047
  pitch: 21.000002
money: '30.0'
lastAccountName: mindy202
