uuid: 62ba6bc5-b3db-4966-afe6-ec736dc502ba
timestamps:
  login: 1416411085211
  logout: 1416411211489
ipAddress: 172.1.197.222
logoutlocation:
  world: spawn
  x: -3.0847197279019434
  y: 34.0
  z: 15.188981440206721
  yaw: -187.02534
  pitch: 90.0
money: '30.0'
lastAccountName: jaydwolf
