lastAccountName: Oceanij
timestamps:
  login: 1424284405204
  lastteleport: 1424284734633
  kits:
    novice: 1424284547280
  logout: 1424284798764
ipAddress: 91.156.249.170
lastlocation:
  world: spawn
  x: -17.714088449101705
  y: 42.0
  z: -6.657832438043615
  yaw: -268.65112
  pitch: 10.649903
logoutlocation:
  world: spawn
  x: 12.863830573378081
  y: 5.5
  z: -240.01973266829324
  yaw: -178.95288
  pitch: 6.4499817
money: '30.0'
