lastAccountName: saifullah2
timestamps:
  login: 1422915050744
  lastteleport: 1422917158231
  kits:
    novice: 1422915193083
  logout: 1422917208728
ipAddress: 135.0.81.7
lastlocation:
  world: plotworld
  x: -55.44684532582677
  y: 2.625
  z: 72.52774019150597
  yaw: 17.550018
  pitch: 14.849996
logoutlocation:
  world: spawn
  x: 3.938618719336991
  y: 34.0
  z: 18.5174845390643
  yaw: -261.89984
  pitch: 13.499984
money: '7.0'
