uuid: 64782e76-a08f-4709-9d77-99256180398e
timestamps:
  login: 1419528034290
  lastteleport: 1419528341578
  logout: 1419528399739
ipAddress: 68.117.170.67
lastlocation:
  world: spawn
  x: -5.250455062856883
  y: 33.0
  z: -29.172645350294005
  yaw: -108.7471
  pitch: -11.850043
logoutlocation:
  world: spawn
  x: -1.5534486718154166
  y: 37.0
  z: -9.678893737745312
  yaw: -3.3012085
  pitch: 9.149997
money: '30.0'
lastAccountName: mellow97
