lastAccountName: lightoftruth2
timestamps:
  login: 1424440328493
  lastteleport: 1424440540977
  logout: 1424440666265
  kits:
    expert: 1424386043019
    adept: 1424385940199
ipAddress: 90.198.181.24
lastlocation:
  world: mines
  x: 518.3000000119209
  y: 56.0
  z: -14.545458956328883
  yaw: 133.45026
  pitch: 80.65279
money: '710643.8'
logoutlocation:
  world: mines
  x: 492.30000001192093
  y: 56.0
  z: -8.01494678718831
  yaw: 268.58386
  pitch: 24.001917
