uuid: 64bae2fe-b799-471e-9f66-928bce19b912
timestamps:
  login: 1423933745322
  logout: 1423933790225
ipAddress: 77.102.232.238
logoutlocation:
  world: spawn
  x: 14.137888767497584
  y: 81.0
  z: -1211.434443225428
  yaw: 301.56934
  pitch: 14.25634
money: '30.0'
lastAccountName: Sbgoldmine
