lastAccountName: Kieralove
timestamps:
  login: 1422396494342
  lastteleport: 1422403991940
  kits:
    novice: 1422400036017
    pvp: 1420914136699
    color: 1420680233041
    adept: 1422399161923
  logout: 1422404112053
ipAddress: 75.171.48.128
lastlocation:
  world: spawn
  x: -12.02407002258652
  y: 85.0
  z: -1214.8077762301607
  yaw: 69.57672
  pitch: 30.900015
logoutlocation:
  world: parkour
  x: -27.72903727305794
  y: 83.0
  z: -32.70464671077887
  yaw: -83.700005
  pitch: 18.599998
money: '19752.83166666669'
afk: false
