lastAccountName: Primer109
timestamps:
  login: 1421173319522
  logout: 1421173357455
ipAddress: 71.40.112.113
logoutlocation:
  world: spawn
  x: 35.01859609594571
  y: 81.0
  z: -1236.5085716467
  yaw: 253.5616
  pitch: 24.802984
money: '30.0'
