lastAccountName: viktorvm
timestamps:
  login: 1422799737863
  lastteleport: 1422546280308
  kits:
    novice: 1422120028677
    pvp: 1422119352636
    adept: 1422118395150
  logout: 1422799748527
ipAddress: 188.177.254.71
money: '703451.8340942028'
lastlocation:
  world: spawn
  x: 14.077414676409555
  y: 81.5
  z: -1237.4927294496447
  yaw: 87.87691
  pitch: 0.5999731
logoutlocation:
  world: spawn
  x: 10.370507294185257
  y: 107.5
  z: -245.67231931691998
  yaw: -96.0
  pitch: 43.25
