uuid: 6515ec4f-95e1-42f8-82cb-43256ed08660
timestamps:
  login: 1419671884427
  lastteleport: 1419672169908
  logout: 1419672179607
ipAddress: 203.214.44.39
lastlocation:
  world: spawn
  x: -0.606302602120809
  y: 33.0
  z: -38.12369689239889
  yaw: 248.24892
  pitch: 6.150065
logoutlocation:
  world: spawn
  x: 18.343198508122374
  y: 106.0
  z: -246.32758135912647
  yaw: 282.14874
  pitch: 11.700069
money: '30.0'
lastAccountName: lloydy165
