uuid: 657d98c7-26ed-40f5-9cd7-460858e5c94b
timestamps:
  login: 1416397417720
  logout: 1416397470641
ipAddress: 175.138.194.207
logoutlocation:
  world: spawn
  x: 1.2604643824737718
  y: 34.0
  z: 18.730395825954226
  yaw: -324.9341
  pitch: 21.36666
money: '30.0'
lastAccountName: gaminhec
