uuid: 6595757b-b4e9-438e-bef0-be76790884da
timestamps:
  login: 1416404965350
  lastteleport: 1416408535723
  kits:
    alpha: 1416405076564
  logout: 1416408574628
ipAddress: 70.189.183.68
lastlocation:
  world: mines
  x: 54.69999998807907
  y: 63.0
  z: -6.820910489214256
  yaw: 101.70203
  pitch: 12.450019
money: '57.0'
logoutlocation:
  world: mines
  x: 24.604261899174904
  y: 63.0
  z: -13.521243653233116
  yaw: 70.05234
  pitch: 25.949995
lastAccountName: drunkenkorean654
