uuid: 65d3e973-ad87-4955-8988-da0a99133af5
timestamps:
  login: 1418852679096
  lastteleport: 1418852751411
  logout: 1418852889574
ipAddress: 65.190.208.145
lastlocation:
  world: spawn
  x: 0.40166188635008465
  y: 29.5
  z: 54.165235522194905
  yaw: -2.4005249
  pitch: 29.549997
logoutlocation:
  world: spawn
  x: 0.05944645537093379
  y: 34.0
  z: 5.300000011920929
  yaw: -102.150665
  pitch: 85.5
money: '30.0'
lastAccountName: lynncoon1016
