uuid: 65e54137-f5ba-4845-a09f-c292a7066544
timestamps:
  login: 1418212968439
  lastteleport: 1418213153713
  logout: 1418213416791
ipAddress: 85.113.239.148
lastlocation:
  world: spawn
  x: 9.268902451647222
  y: 106.0
  z: -252.3227900281122
  yaw: 215.50262
  pitch: 4.707884
logoutlocation:
  world: spawn
  x: 3.718379445164489
  y: 33.0
  z: -33.596369993572665
  yaw: -326.23383
  pitch: 38.076435
money: '105.5'
lastAccountName: rohied
