uuid: 66198277-cda7-4f40-b24a-f57146592484
timestamps:
  login: 1418792245724
  logout: 1418792474611
ipAddress: 73.18.224.18
logoutlocation:
  world: spawn
  x: 0.5998558901090338
  y: 102.74241333191203
  z: -11.967741904372629
  yaw: -359.85046
  pitch: 1.3500036
money: '30.0'
lastAccountName: rielle
