lastAccountName: EvanBuz123
timestamps:
  login: 1422376077343
  lastteleport: 1422376107956
  kits:
    pvp: 1422205517774
    novice: 1422205504539
  logout: 1422376216965
ipAddress: 190.213.234.206
lastlocation:
  world: mines
  x: 101.5
  y: 63.0
  z: -19.5
  yaw: 0.45264733
  pitch: 3.4499946
money: '1917.9843478260875'
logoutlocation:
  world: plotworld
  x: -67.57802545899337
  y: 64.0
  z: 72.3952226747265
  yaw: 21.449615
  pitch: 8.850032
