uuid: 66c9fa2a-b8f3-4e10-948b-c7e20cafff05
timestamps:
  login: 1419516731298
  logout: 1419516741286
ipAddress: 74.102.26.53
logoutlocation:
  world: spawn
  x: 12.53235181362299
  y: 82.0
  z: -1237.5178255079754
  yaw: 88.47641
  pitch: -0.750001
money: '30.0'
lastAccountName: justintyler9
