uuid: 66de0b49-342d-4399-8a64-559bfea400a3
timestamps:
  login: 1419997558797
  logout: 1419997572042
ipAddress: 74.138.14.159
logoutlocation:
  world: spawn
  x: 25.778312648328562
  y: 82.10408037809304
  z: -1239.0196910550674
  yaw: -97.12376
  pitch: 6.5148563
money: '30.0'
lastAccountName: benjarocks9
