lastAccountName: ChiliPepStyle
timestamps:
  login: 1424054559630
  logout: 1424054569423
ipAddress: 67.240.83.231
logoutlocation:
  world: spawn
  x: 14.461826923640048
  y: 81.5
  z: -1237.536211174398
  yaw: 91.58019
  pitch: -2.9537833
money: '30.0'
