lastAccountName: Dansnake1500
timestamps:
  login: 1422119705076
  lastteleport: 1422120994202
  kits:
    pvp: 1422120594150
    novice: 1422120511744
    color: 1422120625356
    adept: 1422120557783
  logout: 1422121018704
ipAddress: 86.30.245.15
money: '31864.020000000004'
lastlocation:
  world: spawn
  x: 23.642206742751956
  y: 6.0
  z: -246.3286788847361
  yaw: -166.08044
  pitch: -4.4973445
logoutlocation:
  world: plotworld
  x: -84.794227895146
  y: 65.0
  z: -21.35884463709242
  yaw: -12.416433
  pitch: 1.6846439
