uuid: 67700b1a-d793-455e-9f47-061a165be390
timestamps:
  login: 1419829237525
  logout: 1419829260610
ipAddress: 187.138.72.33
logoutlocation:
  world: spawn
  x: 15.505004229535661
  y: 82.0
  z: -1237.1765167855124
  yaw: 86.22641
  pitch: 4.949997
money: '30.0'
lastAccountName: reshot
