uuid: 67722e04-c2f6-4496-bfdf-71349bfa84ad
timestamps:
  login: 1417137610069
  lastteleport: 1417137988346
  logout: 1417138001265
ipAddress: 70.78.23.52
money: '1855.0'
lastlocation:
  world: spawn
  x: 12.483767974709634
  y: 94.0
  z: -236.38073241737402
  yaw: 48.153244
  pitch: 26.730072
logoutlocation:
  world: mines
  x: 100.51457647338259
  y: 64.0
  z: -2.1972064906362356
  yaw: -111.17622
  pitch: 29.692537
lastAccountName: moomoothecow
