timestamps:
  lastteleport: 1419139316493
  logout: 1419826969608
  login: 1419826953258
lastlocation:
  world: mines
  x: 122.95982313378013
  y: 63.0
  z: -10.84200462036359
  yaw: 83.016205
  pitch: -21.68787
money: '14810.75'
logoutlocation:
  world: mines
  x: 160.76225554335855
  y: 56.0
  z: -7.69999998807907
  yaw: 39.235798
  pitch: -90.0
uuid: 6798b6e0-c5cd-4644-85f3-86bf483bc613
ipAddress: 72.76.183.14
lastAccountName: killer_fusky
