lastAccountName: jorgen10ar
timestamps:
  login: 1421441135825
  lastteleport: 1421443944823
  kits:
    pvp: 1421443831146
    novice: 1421442004140
  logout: 1421443959129
ipAddress: 84.202.21.171
lastlocation:
  world: spawn
  x: -8.006315603570076
  y: 29.0
  z: -27.528725518849075
  yaw: 91.6529
  pitch: -4.2000074
money: '649.6875'
logoutlocation:
  world: spawn
  x: 0.9667816324956999
  y: 100.0
  z: -2.620523018228357
  yaw: -29.099993
  pitch: 6.45
