uuid: 68508b0b-5e55-418d-8912-130f4e3b8d5e
timestamps:
  login: 1419907984358
  lastteleport: 1419908843924
  kits:
    novice: 1419678315494
    pvp: 1419678307241
    color: 1419678300539
    adept: 1419678284399
  logout: 1419909397286
ipAddress: 64.186.57.196
lastlocation:
  world: spawn
  x: 1.5183580595084043
  y: 124.0
  z: -247.75109610260878
  yaw: -267.80005
  pitch: -0.14999968
logoutlocation:
  world: spawn
  x: 22.376415151405634
  y: 111.0
  z: -233.6713936022049
  yaw: -220.35156
  pitch: 43.350075
money: '2635.771195652196'
afk: false
lastAccountName: michaelagrider
