lastAccountName: REALBETTY
timestamps:
  login: 1422916549905
  lastteleport: 1422916689260
  kits:
    adept: 1422916672856
  logout: 1422916705862
ipAddress: 207.134.124.141
money: '14731.0'
lastlocation:
  world: mines
  x: 672.4555654915958
  y: 61.0
  z: -12.635645443720493
  yaw: 94.50277
  pitch: 18.599998
logoutlocation:
  world: mines
  x: 673.7258809077298
  y: 67.0
  z: -15.528670247144124
  yaw: -53.997173
  pitch: 17.24996
