lastAccountName: JDonut83
timestamps:
  login: 1423532256573
  lastteleport: 1423532466793
  kits:
    novice: 1423532460083
  logout: 1423532525309
ipAddress: 174.57.219.66
lastlocation:
  world: spawn
  x: 23.47693074475375
  y: 113.5
  z: -240.90959071437035
  yaw: 100.49888
  pitch: 10.200064
logoutlocation:
  world: spawn
  x: 11.043606045186998
  y: 36.0
  z: -6.443852209456366
  yaw: 272.12378
  pitch: 6.6020236
money: '42.5'
