uuid: 691d1628-c6f6-452a-8aab-3b7c461a09f3
timestamps:
  login: 1417901880100
  lastteleport: 1417902059758
  logout: 1417902405368
ipAddress: 86.19.101.163
lastlocation:
  world: spawn
  x: 0.7030134632547076
  y: 29.0
  z: 52.30075268344689
  yaw: -0.6005148
  pitch: -19.199984
money: '10030.0'
logoutlocation:
  world: spawn
  x: -5.362436221731292
  y: 33.0
  z: -37.06414848474152
  yaw: -189.59918
  pitch: 9.449998
lastAccountName: teddyrulez
