lastAccountName: lokol1000
timestamps:
  login: 1424687539070
  lastteleport: 1424687991533
  kits:
    pvp: 1424627956039
    novice: 1424631382620
    color: 1424511818060
    adept: 1424542565254
  logout: 1424688005986
ipAddress: 91.140.0.182
lastlocation:
  world: mines
  x: 417.4553273415479
  y: 3.0
  z: -7.801501041568751
  yaw: 90.75253
  pitch: 4.2000127
logoutlocation:
  world: mines
  x: 403.0927935313035
  y: 63.0
  z: -10.827296762808016
  yaw: 276.90234
  pitch: 41.400005
afk: false
money: '2581147.0'
