lastAccountName: Isaiahthepro1
timestamps:
  login: 1423002071996
  lastteleport: 1422938966257
  kits:
    novice: 1422938270097
  logout: 1423002088999
ipAddress: 24.12.141.96
lastlocation:
  world: mines
  x: 716.0137198607317
  y: 67.0
  z: -18.303268813543003
  yaw: -115.64262
  pitch: 2.5500042
logoutlocation:
  world: mines
  x: 99.68418536824174
  y: 48.0
  z: -9.4105119882409
  yaw: 81.602516
  pitch: -30.299969
money: '133.5'
