lastAccountName: Superman1404
timestamps:
  login: 1421617865655
  logout: 1421617901711
ipAddress: 24.20.150.62
logoutlocation:
  world: spawn
  x: 0.7528277335619404
  y: 34.0
  z: 7.942859767980941
  yaw: 258.74976
  pitch: 7.949992
money: '30.0'
