uuid: 6c1f9aac-a9bb-41a2-828d-73f7b7edfdef
timestamps:
  login: 1418792320625
  logout: 1418792464605
ipAddress: 73.18.224.18
logoutlocation:
  world: spawn
  x: 0.5998558901090338
  y: 102.74241333191203
  z: -11.967741904372629
  yaw: -359.85046
  pitch: 1.3500036
money: '30.0'
lastAccountName: furballfury
