lastAccountName: DannyManFTW
timestamps:
  login: 1424125273638
  lastteleport: 1424126719253
  logout: 1424127322968
  kits:
    pvp: 1424126465457
ipAddress: 92.236.94.28
money: '223.76'
lastlocation:
  world: spawn
  x: 0.6969980720555955
  y: 55.0
  z: -13.655454319094567
  yaw: -14.998566
  pitch: 34.049995
logoutlocation:
  world: parkour
  x: 25.5
  y: 86.0
  z: -35.5
  yaw: -249.75005
  pitch: 9.900001
