lastAccountName: Mosorentor
timestamps:
  login: 1422466937129
  lastteleport: 1422465695982
  logout: 1422466939625
ipAddress: 24.63.159.245
lastlocation:
  world: spawn
  x: -0.6243563690333415
  y: 107.0
  z: -246.77289054729874
  yaw: 111.29895
  pitch: 7.950084
money: '1099310.81'
logoutlocation:
  world: mines
  x: -7.964068872885946
  y: 63.0
  z: -16.393272357458635
  yaw: -63.897568
  pitch: -13.500024
