uuid: 6cfe2fd4-248a-45f3-a46f-1ddaecfdaada
timestamps:
  login: 1419438787348
  logout: 1419438812742
ipAddress: 67.177.144.230
logoutlocation:
  world: spawn
  x: -0.05318281565705053
  y: 81.0
  z: -1235.8829738405434
  yaw: -24.623552
  pitch: 54.599983
money: '30.0'
lastAccountName: mariotime33
