uuid: 6d086e83-5bfd-4609-aa1b-81ae4ec1bd6f
timestamps:
  login: 1419654010101
  lastteleport: 1419654319816
  logout: 1419654879376
ipAddress: 99.120.65.61
lastlocation:
  world: spawn
  x: 0.7916134719959464
  y: 29.0
  z: 47.48580639190492
  yaw: 180.44995
  pitch: 18.900002
logoutlocation:
  world: spawn
  x: 3.0783294906284104
  y: 37.0625
  z: -6.031867081024817
  yaw: -200.10056
  pitch: 18.299955
money: '30.0'
lastAccountName: excalifrost
