lastAccountName: Tea4Too
timestamps:
  login: 1423559515315
  lastteleport: 1423561189523
  kits:
    novice: 1423301692105
  logout: 1423561473027
ipAddress: 67.166.142.217
lastlocation:
  world: spawn
  x: -23.080484692519544
  y: 35.0
  z: -5.571709482014899
  yaw: 84.44385
  pitch: 0.4499996
logoutlocation:
  world: spawn
  x: 10.63101121640147
  y: 55.0
  z: 11.699999988079073
  yaw: 121.50281
  pitch: 37.94999
money: '203.5'
