uuid: 6dd0717a-359e-4a88-8940-8f9f81b052dd
timestamps:
  login: 1416397994102
  lastteleport: 1416398047888
  kits:
    alpha: 1416398052291
  logout: 1416398143512
ipAddress: 121.54.49.20
lastlocation:
  world: spawn
  x: 27.400213275300885
  y: 35.0
  z: -8.83536597756784
  yaw: -164.54732
  pitch: 5.5499816
logoutlocation:
  world: spawn
  x: -11.829926781756987
  y: 36.4807108763317
  z: -5.9931239123282545
  yaw: 269.84933
  pitch: 14.400007
money: '30.0'
lastAccountName: tbrayan243
