lastAccountName: creeperhalo
timestamps:
  login: 1424363312701
  lastteleport: 1424366795037
  kits:
    expert: 1424366884114
    novice: 1424313273047
    pvp: 1424308623823
    adept: 1424363375915
  logout: 1424366910680
ipAddress: 72.230.88.236
lastlocation:
  world: spawn
  x: 0.6690145641638535
  y: 35.0
  z: -39.58155856667576
  yaw: 58.048218
  pitch: 6.3000126
logoutlocation:
  world: spawn
  x: 0.4920527785781313
  y: 40.5
  z: -1999.5602856123548
  yaw: 18.108368
  pitch: 13.949954
money: '266378.19438405894'
