uuid: 6ed84e38-c028-4bf7-92a0-e6d631e8b63b
timestamps:
  login: 1419132208519
  logout: 1419132223372
ipAddress: 14.201.37.46
logoutlocation:
  world: spawn
  x: -0.39659933090018806
  y: 105.0
  z: 12.26163891106037
  yaw: 3.8995037
  pitch: 29.250002
money: '30.0'
lastAccountName: itstaipeople
