lastAccountName: jpnq_2324
timestamps:
  login: 1421385606252
  logout: 1421385754582
ipAddress: 189.4.151.58
logoutlocation:
  world: spawn
  x: 1.110412203636869
  y: 34.0
  z: 8.169695147368959
  yaw: 201.29993
  pitch: 82.350006
money: '30.0'
