uuid: 6f2ee758-80e4-4319-ad64-dae5d78169bc
timestamps:
  login: 1418792214692
  logout: 1418792409514
ipAddress: 73.18.224.18
logoutlocation:
  world: spawn
  x: 0.5998558901090338
  y: 102.74241333191203
  z: -11.967741904372629
  yaw: -359.85046
  pitch: 1.3500036
money: '30.0'
lastAccountName: 2tone87
