lastAccountName: JakeDude2007
timestamps:
  login: 1423166680100
  logout: 1423166856660
  lastteleport: 1423166816947
ipAddress: 210.246.62.30
logoutlocation:
  world: mines
  x: 25.58488416327941
  y: 63.0
  z: -13.090863061007278
  yaw: -25.516632
  pitch: 16.30665
money: '30.0'
lastlocation:
  world: spawn
  x: 12.332564830081537
  y: 102.0
  z: -245.02518750878775
  yaw: 73.10989
  pitch: 8.236832
