uuid: 6fd44712-35ee-4a67-9868-ef85a6fdfc3c
timestamps:
  login: 1419668936660
  lastteleport: 1419669917864
  kits:
    pvp: 1419595883435
    novice: 1419595267285
    color: 1419595428428
  logout: 1419669937274
ipAddress: 5.25.225.121
lastlocation:
  world: spawn
  x: 0.5941183033467402
  y: 105.5
  z: 13.917842947304392
  yaw: -4.101108
  pitch: 5.205253
money: '1240.0'
logoutlocation:
  world: mines
  x: 242.52828365674623
  y: 61.0
  z: -9.191392626079315
  yaw: 37.081512
  pitch: 38.637356
lastAccountName: hburak77
