timestamps:
  lastteleport: 1418943342070
  logout: 1418943354014
lastlocation:
  world: spawn
  x: 0.36060331453589345
  y: 29.0
  z: 53.23895597732097
  yaw: -0.75050956
  pitch: 3.4500117
logoutlocation:
  world: spawn
  x: 12.177812779280188
  y: 36.0
  z: -6.352835438341407
  yaw: 84.75285
  pitch: 17.699972
money: '30.0'
lastAccountName: rainbowflag3233
