timestamps:
  lastteleport: 1416314450159
  kits:
    alpha: 1416313940694
  logout: 1416317406248
  login: 1416317395689
lastlocation:
  world: mines
  x: 44.32712414693914
  y: 64.0
  z: -19.69999998807907
  yaw: 183.60138
  pitch: 12.600023
money: '661.0'
logoutlocation:
  world: spawn
  x: 2.863306038541503
  y: 34.0
  z: 19.226915403102957
  yaw: -52.049805
  pitch: 58.199833
uuid: 70b813f3-0b62-4a1f-b0cd-2e33b590636f
ipAddress: 93.172.8.116
lastAccountName: tomer_tom87
