uuid: 717d747d-559c-4053-9908-09e129d90d20
timestamps:
  login: 1420203223437
  lastteleport: 1420112428371
  logout: 1420203430250
ipAddress: 86.26.49.148
lastlocation:
  world: spawn
  x: 15.090623064827202
  y: 36.0
  z: -6.1057877830897285
  yaw: 92.399414
  pitch: 6.7499843
logoutlocation:
  world: spawn
  x: -9.909961292347058
  y: 42.0
  z: -13.783830668835257
  yaw: -140.1005
  pitch: 28.049974
money: '181.51'
lastAccountName: lewis1703
