lastAccountName: platester24
timestamps:
  login: 1421632028312
  lastteleport: 1421632114914
  logout: 1421632137997
ipAddress: 71.203.116.94
lastlocation:
  world: spawn
  x: 12.60819517373519
  y: 105.5
  z: -250.07636067692448
  yaw: 152.39886
  pitch: -2.999925
logoutlocation:
  world: spawn
  x: 0.9376817850897956
  y: 32.0
  z: -9.929237475448458
  yaw: 315.89938
  pitch: 29.699986
money: '30.0'
