uuid: 72c8d5d8-130a-4d3d-86f1-60c5aad5ba86
timestamps:
  login: 1419003502195
  logout: 1419003559486
ipAddress: 195.215.45.88
logoutlocation:
  world: spawn
  x: 0.35673338482529554
  y: 34.0
  z: 5.300000011920926
  yaw: -184.80048
  pitch: 18.749998
money: '30.0'
lastAccountName: simongamer123
