uuid: 73120002-b776-46b7-98c2-ca925c11904d
timestamps:
  login: 1424564065549
  lastteleport: 1423698474357
  logout: 1424564125518
  kits:
    expert: 1423426084788
    novice: 1423606626616
    pvp: 1421448328844
    color: 1420174218783
    adept: 1423006819399
  jail: 0
ipAddress: 24.242.69.113
lastlocation:
  world: spawn
  x: 40.63328372973929
  y: 81.5
  z: -1236.961848031542
  yaw: 252.64247
  pitch: -17.053232
logoutlocation:
  world: spawn
  x: 14.5
  y: 81.5
  z: -1237.5
  yaw: -304.6179
  pitch: -26.883633
money: '624593.3129347798'
lastAccountName: stealthynija56
afk: false
godmode: false
jailed: false
