uuid: 7383bfd2-2e60-4d44-852a-97fcf5bacb9b
timestamps:
  login: 1418947054121
  logout: 1418947439223
  lastteleport: 1418947252776
ipAddress: 2.126.184.93
logoutlocation:
  world: spawn
  x: 0.499525672639464
  y: 37.0
  z: -12.614010731621667
  yaw: -7.7971525
  pitch: 16.049995
lastlocation:
  world: spawn
  x: -0.7930037505998202
  y: 29.5
  z: 53.63269867209515
  yaw: -33.600513
  pitch: 16.350006
money: '30.0'
lastAccountName: ultracool10
