lastAccountName: UltimateLord567
timestamps:
  login: 1423797578679
  lastteleport: 1423797837346
  kits:
    pvp: 1423797675078
    novice: 1423797666577
  logout: 1423797850453
ipAddress: 71.186.218.110
lastlocation:
  world: spawn
  x: -0.717333428589375
  y: 33.0
  z: -36.97105805767425
  yaw: 218.55289
  pitch: 6.1499724
logoutlocation:
  world: spawn
  x: 2.0938286813937586
  y: 106.5
  z: -242.2049800752722
  yaw: 101.698814
  pitch: 6.7500587
money: '30.0'
