uuid: 73b35c3c-978d-4f64-9594-7ce99d1edd15
timestamps:
  login: 1416406830501
  lastteleport: 1416408611862
  kits:
    alpha: 1416405255868
  logout: 1416408632164
ipAddress: 71.64.206.118
lastlocation:
  world: mines
  x: 11.81678925183661
  y: 62.5
  z: -12.51182227432989
  yaw: 47.52115
  pitch: 7.9494452
money: '108.0'
logoutlocation:
  world: mines
  x: 49.54245785483122
  y: 63.0
  z: -14.980976068682512
  yaw: -73.79977
  pitch: 26.249836
lastAccountName: downfall325
