uuid: 73cf19fa-6c05-4e23-ab2f-17659b36dee3
timestamps:
  login: 1416410668354
  logout: 1416410758685
ipAddress: 50.138.79.156
logoutlocation:
  world: spawn
  x: 0.5998558901090338
  y: 102.74241333191203
  z: -11.967741904372629
  yaw: -359.85046
  pitch: 1.3500036
money: '30.0'
lastAccountName: charlay1011
