uuid: 73d1af23-965e-49f7-b258-f1bf54b61892
timestamps:
  login: 1418622177143
  lastteleport: 1418622448393
  kits:
    novice: 1418619975685
    pvp: 1418619178786
    color: 1418619929357
  logout: 1418622469344
ipAddress: 124.186.123.245
lastlocation:
  world: spawn
  x: 0.5998558901090338
  y: 102.0
  z: -11.967741904372629
  yaw: -1.9504395
  pitch: 10.650003
godmode: false
logoutlocation:
  world: spawn
  x: 0.5998558901090338
  y: 102.0
  z: -11.967741904372629
  yaw: -359.55048
  pitch: 3.7500036
money: '514.43'
lastAccountName: kels4000
