lastAccountName: sslendurman
timestamps:
  login: 1424555871150
  lastteleport: 1424556512902
  kits:
    pvp: 1424275617928
  logout: 1424560138280
  mute: 0
ipAddress: 108.243.141.182
lastlocation:
  world: plotworld
  x: 149.0448749173368
  y: 65.0
  z: -502.4290963633965
  yaw: 203.50273
  pitch: -6.3449955
logoutlocation:
  world: plotworld
  x: -42.917590574209015
  y: 75.0
  z: -100.1334301564375
  yaw: -64.464966
  pitch: 7.3426676
money: '2899.270000000007'
afk: false
muted: false
