uuid: 746d800a-d821-45df-8edb-9d862bd02bc5
timestamps:
  login: 1416663740374
  lastteleport: 1416663759418
  kits:
    color: 1416532662716
    alpha: 1416532659077
  logout: 1416663783177
ipAddress: 70.117.26.54
lastlocation:
  world: plotworld
  x: 21.50920935045387
  y: 65.0
  z: -9.207941730967573
  yaw: 19.350012
  pitch: 13.800003
money: '26170.130769230767'
logoutlocation:
  world: mines
  x: 215.51288805879108
  y: 62.0
  z: -8.666458700154493
  yaw: -148.94748
  pitch: 90.0
godmode: false
afk: false
lastAccountName: dragoncheetos
