uuid: 749a3b34-8fe3-485b-ab4d-626520d8105c
timestamps:
  login: 1416396803735
  lastteleport: 1416398495941
  kits:
    color: 1416397516703
    alpha: 1416397905959
  logout: 1416398711341
ipAddress: 67.140.104.64
lastlocation:
  world: mines
  x: -8.924006934307776
  y: 54.0
  z: -7.484164294117155
  yaw: -142.35449
  pitch: 35.827885
money: '47.0'
logoutlocation:
  world: mines
  x: -13.516990409548642
  y: 63.0
  z: -17.798841783298837
  yaw: -295.4801
  pitch: 0.17910266
lastAccountName: bossreinier9
