timestamps:
  lastteleport: 1418312257286
  kits:
    novice: 1418309989589
    color: 1418311829277
  logout: 1418313512521
  login: 1418423981704
lastlocation:
  world: spawn
  x: -22.259252295999385
  y: 35.5
  z: -4.136381380543911
  yaw: -359.25052
  pitch: -16.950005
money: '557.75'
logoutlocation:
  world: mines
  x: 11.22477992139346
  y: 63.0
  z: -10.827498191742364
  yaw: -103.49808
  pitch: 30.750015
uuid: 74abb78a-81f2-49ed-a8bc-c031d987b3d3
ipAddress: 69.207.32.113
lastAccountName: pxplaysminecraft
