uuid: 74b29a6f-ba08-4b10-b16d-dd137bfff065
timestamps:
  login: 1419813712725
  lastteleport: 1419813885562
  kits:
    pvp: 1419813795889
    novice: 1419813784173
  logout: 1419813953310
ipAddress: 173.27.224.89
lastlocation:
  world: spawn
  x: -1.6999999880790717
  y: 26.0
  z: -6.7789390465041865
  yaw: 99.65641
  pitch: 53.035614
logoutlocation:
  world: spawn
  x: -21.941389148612693
  y: 35.0
  z: -5.4881059138051045
  yaw: -1.378479
  pitch: -13.827178
money: '30.0'
lastAccountName: zghostpvp
