lastAccountName: joeljoh
timestamps:
  login: 1421575502463
  logout: 1421575538472
ipAddress: 83.87.35.178
logoutlocation:
  world: spawn
  x: 12.91998516458476
  y: 82.0
  z: -1238.3314464195605
  yaw: 79.53378
  pitch: 0.8598435
money: '30.0'
