uuid: 75a2f05f-92eb-4ba2-90ba-3e41d0184d02
timestamps:
  login: 1419832105093
  logout: 1419832128335
ipAddress: 122.111.84.247
logoutlocation:
  world: spawn
  x: 4.025035371286556
  y: 82.0
  z: -1237.7552848590794
  yaw: 89.82641
  pitch: -1.9500011
money: '30.0'
lastAccountName: zdrunk_
