uuid: 75effe95-0f0d-4b84-b8cf-bf408143b764
timestamps:
  login: 1418349870226
  lastteleport: 1418351717373
  logout: 1418351770335
ipAddress: 74.79.125.23
lastlocation:
  world: mines
  x: 270.96454953515155
  y: 63.0
  z: -16.69999998807907
  yaw: -278.07983
  pitch: 17.124277
money: '12758.460289855168'
logoutlocation:
  world: mines
  x: 297.47105202269177
  y: 73.0
  z: -12.464917488991013
  yaw: -345.86206
  pitch: 7.9372835
lastAccountName: noiseputty10
