lastAccountName: Roxyfamous
timestamps:
  login: 1424537150343
  logout: 1424537280197
  lastteleport: 1424537237183
ipAddress: 99.241.198.121
logoutlocation:
  world: spawn
  x: -9.54739020537865
  y: 33.0
  z: -26.12740330310136
  yaw: 18.752983
  pitch: 27.900002
money: '30.0'
lastlocation:
  world: spawn
  x: 0.4171730828820728
  y: 29.0
  z: 53.30383620661124
  yaw: -5.2958133E-4
  pitch: 7.650007
