uuid: 7658a4d9-03a2-4bed-b8ff-7699fd51800f
timestamps:
  login: 1419057019363
  logout: 1419057304870
ipAddress: 60.230.218.139
logoutlocation:
  world: spawn
  x: 1.3704678937154535
  y: 34.0
  z: 8.142303469923924
  yaw: -201.89868
  pitch: 10.35001
money: '30.0'
lastAccountName: wishespup123
