uuid: 76a0a6a8-eea2-4653-b029-a6c0b033574a
timestamps:
  login: 1418428455853
  logout: 1418428996706
  lastteleport: 1418428876326
  kits:
    novice: 1418425857685
    color: 1418348239975
    adept: 1418352643192
ipAddress: 75.172.227.63
logoutlocation:
  world: mines
  x: 269.8180253743407
  y: 63.0
  z: -16.351199111711885
  yaw: -331.7974
  pitch: 4.5000253
lastlocation:
  world: spawn
  x: 20.00344012894017
  y: 35.5
  z: -2.1380913046011436
  yaw: -349.20056
  pitch: 11.699991
money: '100261.50732441472'
lastAccountName: mikeythekid2001
