uuid: 76c3eee2-d755-4f0f-afc8-7f0686f471fe
timestamps:
  login: 1418403924796
  lastteleport: 1418404102524
  logout: 1418404150192
ipAddress: 90.205.140.116
lastlocation:
  world: mines
  x: 135.3986308785871
  y: 63.0
  z: -10.39851753062426
  yaw: 92.552505
  pitch: 23.550018
money: '8157.984615384614'
logoutlocation:
  world: mines
  x: 149.8096883395524
  y: 63.0
  z: -5.699999988079069
  yaw: 202.65274
  pitch: 20.400007
lastAccountName: monkey118
