uuid: 77644715-8f53-4c69-a240-2c8050be8221
timestamps:
  login: 1419975422239
  lastteleport: 1419975646356
  kits:
    pvp: 1419975522687
  logout: 1419975730842
ipAddress: 173.21.238.22
lastlocation:
  world: spawn
  x: 0.4465069655435553
  y: 29.0
  z: 52.1209842158686
  yaw: 1.5427551
  pitch: 1.1700089
logoutlocation:
  world: spawn
  x: -3.172394879965517
  y: 33.0
  z: -31.428486542635575
  yaw: 274.45844
  pitch: 90.0
money: '30.0'
lastAccountName: creepientist
