uuid: 77825d3b-fd1e-4e95-a5c4-470c3c5bf312
timestamps:
  login: 1420239983596
  lastteleport: 1419987945370
  kits:
    novice: 1419974255730
    pvp: 1419974263714
    color: 1419984305119
  logout: 1420240043368
ipAddress: 172.3.84.239
lastlocation:
  world: mines
  x: 6.381175904877784
  y: 62.5
  z: -16.02060699613244
  yaw: 5.717346
  pitch: 12.128707
logoutlocation:
  world: mines
  x: 47.42685965517435
  y: 63.0
  z: -12.940069730262936
  yaw: 303.93713
  pitch: 31.580809
money: '103.59375'
lastAccountName: rg87654
