lastAccountName: Jip89
timestamps:
  login: 1420917483208
  logout: 1420917521531
ipAddress: 84.30.7.189
logoutlocation:
  world: spawn
  x: 0.6157119400435691
  y: 100.5
  z: -4.762568587786723
  yaw: -1.7999998
  pitch: 14.7
money: '30.0'
