lastAccountName: sofuswn
timestamps:
  login: 1420919547374
  lastteleport: 1420919869748
  logout: 1420919882361
ipAddress: 87.73.101.242
lastlocation:
  world: spawn
  x: 12.38578304128262
  y: 102.0
  z: -245.56277255884993
  yaw: 42.598835
  pitch: 2.4000576
logoutlocation:
  world: spawn
  x: 2.6196620629003387
  y: 115.0
  z: -747.120111201298
  yaw: 73.00323
  pitch: -6.7500057
money: '30.0'
