lastAccountName: DMEpepperoni
timestamps:
  login: 1421855496020
  logout: 1421855511606
ipAddress: 109.255.232.253
logoutlocation:
  world: spawn
  x: 10.43744213309692
  y: 82.0
  z: -1237.511795728069
  yaw: 86.97641
  pitch: 0.599999
money: '30.0'
