uuid: 78f2b295-9faa-4850-b1ef-5603630ced8e
timestamps:
  login: 1418867699270
  lastteleport: 1418868315783
  kits:
    novice: 1418867801602
    color: 1418867960200
  logout: 1418868387799
ipAddress: 32.213.253.10
lastlocation:
  world: spawn
  x: 12.340219097510392
  y: 107.5
  z: -246.2509250483904
  yaw: 168.89888
  pitch: 79.49999
money: '3386.9646153846156'
logoutlocation:
  world: spawn
  x: -2.1907331886956727
  y: 37.0
  z: -3.9250000119209307
  yaw: 20.25032
  pitch: 25.799961
lastAccountName: groundman100
