lastAccountName: Abbe5000
timestamps:
  login: 1421855974297
  logout: 1421855999374
ipAddress: 188.120.190.15
logoutlocation:
  world: spawn
  x: -4.058485604054943
  y: 80.5
  z: -1237.425465188231
  yaw: 86.6764
  pitch: 13.649998
money: '30.0'
