lastAccountName: TaleCraft2
timestamps:
  login: 1424451776865
  lastteleport: 1423853416999
  kits:
    novice: 1423763162226
  logout: 1424452531166
ipAddress: 85.139.109.139
lastlocation:
  world: mines
  x: 760.8966071033736
  y: 65.0
  z: -14.558281122928388
  yaw: 209.85022
  pitch: -2.10002
logoutlocation:
  world: plotworld
  x: -67.56579555038101
  y: 70.0
  z: 45.92500001192093
  yaw: 165.75189
  pitch: 36.450058
money: '90014.28565217393'
