uuid: 796806df-d74b-4544-8709-445f47229ecc
timestamps:
  login: 1420398813442
  lastteleport: 1420070622631
  logout: 1420398821433
ipAddress: 173.175.90.249
lastlocation:
  world: spawn
  x: 12.48889426768336
  y: 102.0
  z: -243.65876078215487
  yaw: -120.901146
  pitch: 0.7499982
money: '78.89'
logoutlocation:
  world: spawn
  x: 11.831896294991255
  y: 94.0
  z: -236.28854287569263
  yaw: 83.09933
  pitch: 60.450012
lastAccountName: Babyhead012
