timestamps:
  lastteleport: 1416412322132
  kits:
    alpha: 1416412329836
  logout: 1416412434426
lastlocation:
  world: spawn
  x: 19.422134698164967
  y: 35.0
  z: -12.30000001192093
  yaw: 122.232346
  pitch: -6.3840237
logoutlocation:
  world: spawn
  x: 2.203785278841575
  y: 33.0
  z: -37.426660027536215
  yaw: 282.3281
  pitch: 19.363205
money: '30.0'
lastAccountName: secretjob24
