lastAccountName: CCB4
timestamps:
  login: 1424661903028
  logout: 1424662000024
ipAddress: 108.19.56.198
logoutlocation:
  world: spawn
  x: 14.461826923640048
  y: 81.5
  z: -1237.536211174398
  yaw: 95.73091
  pitch: 84.76511
money: '30.0'
