lastAccountName: Geomatics
timestamps:
  login: 1421691675491
  logout: 1421691684708
ipAddress: 199.212.65.167
logoutlocation:
  world: spawn
  x: 12.142713935286228
  y: 82.0
  z: -1237.2813339672496
  yaw: -91.523636
  pitch: 1.649999
money: '30.0'
