uuid: 7b33f967-60ba-46ec-9f69-9cd008f372a6
timestamps:
  login: 1418253892868
  logout: 1418255185828
  lastteleport: 1418254750978
ipAddress: 71.168.197.102
logoutlocation:
  world: spawn
  x: 3.322293152532245
  y: 55.0
  z: -10.764350487758737
  yaw: -63.448727
  pitch: 19.499994
money: '131.75'
lastlocation:
  world: spawn
  x: 10.66045811332777
  y: 106.0
  z: -252.38046114117483
  yaw: 224.2488
  pitch: 3.7500784
lastAccountName: squidgolem305
