uuid: 7baccd67-a3b2-4a9f-8ef1-e6d178358ed7
timestamps:
  login: 1419103012048
  logout: 1419103046152
ipAddress: 31.208.52.180
logoutlocation:
  world: spawn
  x: 0.2712349480115219
  y: 29.0
  z: 14.835252799871526
  yaw: -15.750488
  pitch: 48.0
money: '30.0'
lastAccountName: golfbollen007
