uuid: 7bbc4dd5-dfe5-492f-a67e-1462f51380c8
timestamps:
  login: 1418399494414
  lastteleport: 1418399580999
  logout: 1418399632773
ipAddress: 216.73.79.19
lastlocation:
  world: spawn
  x: -21.242745756919998
  y: 35.0
  z: -6.528820662526414
  yaw: -270.0005
  pitch: -6.4500093
logoutlocation:
  world: spawn
  x: 7.39131917206414
  y: 55.0
  z: -3.6422642205199804
  yaw: -169.94833
  pitch: 13.950018
money: '10.0'
lastAccountName: connor5113
