timestamps:
  lastteleport: 1418321657899
  logout: 1418321698703
lastlocation:
  world: spawn
  x: 0.4054569324359333
  y: 29.0
  z: 52.620043481576346
  yaw: -1.0505112
  pitch: -3.2999938
logoutlocation:
  world: spawn
  x: 11.091379290297612
  y: 107.5
  z: -243.39600422597388
  yaw: 284.0988
  pitch: 14.850082
money: '30.0'
lastAccountName: ormerod04
