uuid: 7c5b8ae2-ce29-4c0f-857a-c1338b22f148
timestamps:
  login: 1417499820222
  lastteleport: 1417499962496
  logout: 1417500037780
  kits:
    color: 1416392743903
    alpha: 1416391840962
ipAddress: 58.164.67.46
lastlocation:
  world: mines
  x: 157.31323524174707
  y: 64.0
  z: -3.4380910990784783
  yaw: -121.00009
  pitch: 14.70702
money: '23317.391764888336'
logoutlocation:
  world: plotworld
  x: 8.401162727122578
  y: 63.75
  z: 40.23056460918936
  yaw: -39.530823
  pitch: 5.939513
afk: false
lastAccountName: sethfordham2000
