timestamps:
  lastteleport: 1419652878270
  logout: 1419652892471
lastlocation:
  world: spawn
  x: 0.954705667402419
  y: 32.0
  z: -1.6255096228741814
  yaw: 21.149902
  pitch: 10.05001
logoutlocation:
  world: spawn
  x: 13.81935280797597
  y: 106.0
  z: -239.75085607062792
  yaw: 180.44884
  pitch: 32.85008
money: '30.0'
lastAccountName: theofficfangirl
