lastAccountName: arrowshooter64
timestamps:
  login: 1421413330305
  logout: 1421413431164
ipAddress: 67.255.7.168
logoutlocation:
  world: spawn
  x: 1.749732894990773
  y: 100.0
  z: -2.095553957719928
  yaw: 74.07989
  pitch: 42.224285
money: '30.0'
