uuid: 7d345a63-2052-4623-bef8-4245fbc9b321
timestamps:
  login: 1424649746823
  logout: 1424661964970
  lastteleport: 1424666805647
  kits:
    expert: 1424554041813
    pvp: 1419962506629
    novice: 1418428745218
    color: 1424218189702
    guard: 1422490119483
    alpha: 1416398320230
    changelog: 1424224923941
    adept: 1418718064929
    stoner: 1416408149047
  lastheal: 1417682627458
  jail: 0
  mute: 0
ipAddress: 23.124.41.10
money: '174.41'
logoutlocation:
  world: spawn
  x: 70.69999998807907
  y: 103.0625
  z: -1239.699999988079
  yaw: -77.408966
  pitch: -69.368
lastlocation:
  world: spawn
  x: 13.260967768769715
  y: 94.0
  z: -1206.6808137612509
  yaw: -68.239174
  pitch: 57.38816
afk: false
socialspy: true
godmode: true
teleportenabled: false
homes:
  home:
    world: free
    x: -5011.317991727073
    y: 64.0
    z: -5098.506034550352
    yaw: 270.37576
    pitch: 26.107376
  trees:
    world: free
    x: -4564.453843258585
    y: 72.0
    z: -5131.509629463019
    yaw: -23.585388
    pitch: 23.778141
  brew:
    world: free
    x: -21971.383406059213
    y: 69.0
    z: -21585.93055860801
    yaw: 173.50433
    pitch: 26.202057
powertools:
  '1':
  - break
lastAccountName: SiLeNT_F1NISH
jailed: false
muted: false
nickname: ยง4Danny
