uuid: 7d5b562c-1a31-45e3-a06a-91418dee13f9
timestamps:
  login: 1417603013333
  lastteleport: 1417603217855
  logout: 1417603241507
  kits:
    pvp: 1417603102878
    novice: 1417603085326
    color: 1417429768402
    alpha: 1417429757699
    stoner: 1417429751699
ipAddress: 58.182.88.218
lastlocation:
  world: mines
  x: 124.47975335326063
  y: 65.0
  z: -1.5532244303965173
  yaw: 274.95245
  pitch: -79.19995
logoutlocation:
  world: mines
  x: 73.59253628392722
  y: 63.0
  z: -10.699999988079071
  yaw: 166.80273
  pitch: 10.800044
money: '55.0'
nickname: §aEmilyPlayz
lastAccountName: emilythe_pro
