uuid: 7d6af705-6850-4922-929f-9754e7a8f984
timestamps:
  login: 1417004118131
  lastteleport: 1416507749097
  kits:
    alpha: 1416000504371
  logout: 1417004235128
ipAddress: 89.139.4.82
lastlocation:
  world: spawn
  x: 1.3222966501113074
  y: 36.0
  z: -20.118269513253757
  yaw: -180.29596
  pitch: 39.899998
money: '432.7373991935484'
logoutlocation:
  world: mines
  x: 11.663612433063111
  y: 63.0
  z: -10.511871766223669
  yaw: 262.20316
  pitch: 44.699963
lastAccountName: or_o
