uuid: 7d8439e0-466b-4fe6-b9cd-30e24098d567
timestamps:
  login: 1418430131997
  lastteleport: 1418430194722
  logout: 1418430287847
ipAddress: 88.243.246.192
lastlocation:
  world: spawn
  x: 0.4266230306882259
  y: 29.0
  z: 27.297567117186006
  yaw: -9.00066
  pitch: -22.649986
logoutlocation:
  world: spawn
  x: -1.580075377117391
  y: 27.0
  z: -5.547565765011962
  yaw: 189.29895
  pitch: 28.95001
money: '30.0'
lastAccountName: finalplacement
