uuid: 7ddf7576-9763-4648-84c4-e59ffe74e04b
timestamps:
  login: 1416410838882
  logout: 1416410898862
ipAddress: 50.138.79.156
logoutlocation:
  world: spawn
  x: 0.5998558901090338
  y: 102.74241333191203
  z: -11.967741904372629
  yaw: -359.85046
  pitch: 1.3500036
money: '30.0'
lastAccountName: fonzee91
