uuid: 7de26bee-03b0-409c-8c0f-85ef26f13591
timestamps:
  login: 1416409993127
  lastteleport: 1416410041442
  kits:
    alpha: 1416410095255
  logout: 1416410102952
ipAddress: 83.82.239.178
lastlocation:
  world: spawn
  x: 1.2845190350614721
  y: 34.0
  z: 6.9436747133243
  yaw: -193.40454
  pitch: -26.908953
logoutlocation:
  world: spawn
  x: -5.214704206210624
  y: 33.0
  z: -34.151546994449575
  yaw: -163.35199
  pitch: 31.05241
money: '30.0'
lastAccountName: walpurgis13
