lastAccountName: 4lmutairi
timestamps:
  login: 1423067827468
  lastteleport: 1423068409974
  logout: 1423068549225
  kits:
    novice: 1423067756011
    adept: 1423067854419
ipAddress: 80.184.84.60
lastlocation:
  world: spawn
  x: 43.4981639213998
  y: 111.5
  z: -766.7607416515041
  yaw: -0.03559599
  pitch: -23.099998
logoutlocation:
  world: spawn
  x: 47.69999998807907
  y: 114.5
  z: -707.7889879888613
  yaw: -8.292754
  pitch: 34.950027
money: '2292289.32'
