timestamps:
  lastteleport: 1418571864771
  logout: 1418571881149
lastlocation:
  world: spawn
  x: 1.131468649852715
  y: 29.0
  z: 23.39491621300936
  yaw: -19.650513
  pitch: 5.5500107
logoutlocation:
  world: spawn
  x: 22.580591320859217
  y: 111.0
  z: -234.95602132749733
  yaw: -146.4012
  pitch: 7.9500656
money: '30.0'
lastAccountName: charizardiar
