uuid: 7e9b532b-ab82-482b-909b-3d94b9df9097
timestamps:
  login: 1420014377373
  lastteleport: 1420014627170
  logout: 1420014792071
ipAddress: 178.118.206.147
lastlocation:
  world: spawn
  x: 1.3744409373602338
  y: 34.0
  z: 7.736508387778932
  yaw: 157.95004
  pitch: 26.399994
logoutlocation:
  world: spawn
  x: 0.024394536616201418
  y: 29.0
  z: 22.423537040847055
  yaw: -112.650696
  pitch: 12.900014
money: '30.0'
lastAccountName: jaffedenaegel
