uuid: 7eec47ef-8271-485a-b4fc-40f3e22c3d41
timestamps:
  login: 1417100643741
  logout: 1417100655563
ipAddress: 188.228.77.85
logoutlocation:
  world: spawn
  x: 0.2271094140745456
  y: 100.0
  z: 3.699999988079071
  yaw: -355.65045
  pitch: 16.500008
money: '30.0'
lastAccountName: victor_killer321
