lastAccountName: KLady1717
timestamps:
  login: 1421072569742
  logout: 1421072581603
ipAddress: 173.72.156.26
logoutlocation:
  world: spawn
  x: 14.461826923640048
  y: 81.5
  z: -1237.536211174398
  yaw: 89.91114
  pitch: -0.8673745
money: '30.0'
