lastAccountName: wolfcub2003
timestamps:
  login: 1421000054285
  logout: 1421000128642
ipAddress: 73.35.119.68
logoutlocation:
  world: spawn
  x: 2.16660018009253
  y: 33.0
  z: 15.622802076865707
  yaw: -351.30127
  pitch: 2.999975
money: '30.0'
