uuid: 804d9b0d-b28e-4cce-84af-95a60cfb91c0
timestamps:
  login: 1418777639752
  lastteleport: 1418778640003
  kits:
    novice: 1418778445365
    pvp: 1418778458967
    color: 1418714863835
    adept: 1418778452217
  logout: 1418778762423
ipAddress: 24.137.67.14
lastlocation:
  world: spawn
  x: 0.5
  y: 37.0
  z: -6.5
  yaw: -180.15056
  pitch: 1.7999914
money: '17916.62692307693'
logoutlocation:
  world: plotworld
  x: -39.33456071794123
  y: 65.0
  z: -62.90972274268572
  yaw: -356.70007
  pitch: 7.7999635
lastAccountName: suzukin98
