lastAccountName: brumwell4456
timestamps:
  login: 1421544862746
  lastteleport: 1421545580502
  kits:
    novice: 1421544915450
    color: 1421545459924
  logout: 1421545612957
ipAddress: 66.103.32.58
lastlocation:
  world: spawn
  x: -21.452407026735496
  y: 35.0
  z: -7.488901336354024
  yaw: -269.40048
  pitch: 8.399993
logoutlocation:
  world: mines
  x: -4.547996628345296
  y: 63.0
  z: -11.569229183360285
  yaw: 307.50244
  pitch: 21.300009
money: '26.0'
