timestamps:
  lastteleport: 1416310782728
  kits:
    alpha: 1416309974966
  logout: 1416311274625
lastlocation:
  world: spawn
  x: -20.47230474858004
  y: 35.0
  z: -4.577436585326848
  yaw: -353.1005
  pitch: 5.9999924
money: '96.0'
logoutlocation:
  world: mines
  x: -10.541995993727536
  y: 61.0
  z: -7.319106904324149
  yaw: -268.6472
  pitch: 48.299896
lastAccountName: zwinos
