uuid: 812891d6-ea93-4be7-9e93-f0b957225f2b
timestamps:
  login: 1419360786971
  lastteleport: 1419360818539
  logout: 1419360828235
ipAddress: 185.37.87.196
lastlocation:
  world: spawn
  x: -0.53361049270087
  y: 29.0
  z: 52.92389643723156
  yaw: -20.364004
  pitch: -1.8567259
logoutlocation:
  world: spawn
  x: -1.5499749473912896
  y: 39.4177063872308
  z: -4.536940854388957
  yaw: 252.39113
  pitch: 13.693427
money: '30.0'
lastAccountName: krelle112
