uuid: 8163af53-dfd7-4051-b793-80be5c001327
timestamps:
  login: 1418792270742
  logout: 1418792414521
ipAddress: 73.18.224.18
logoutlocation:
  world: spawn
  x: 0.5998558901090338
  y: 102.74241333191203
  z: -11.967741904372629
  yaw: -359.85046
  pitch: 1.3500036
money: '30.0'
lastAccountName: cherryberryz
