lastAccountName: morganhaswag
timestamps:
  login: 1424352727064
  logout: 1424352736335
  lastteleport: 1422110472531
ipAddress: 174.44.58.237
logoutlocation:
  world: spawn
  x: -0.7205662534397566
  y: 37.0
  z: -10.995857116358541
  yaw: 359.54944
  pitch: 13.349991
money: '30.0'
lastlocation:
  world: spawn
  x: 11.454098025596975
  y: 106.0
  z: -250.86883134044115
  yaw: 165.2989
  pitch: 2.700061
