lastAccountName: jk_blaq2
timestamps:
  login: 1424360486801
  logout: 1424360578267
ipAddress: 75.118.141.149
logoutlocation:
  world: spawn
  x: 17.239262848073523
  y: 82.0
  z: -1237.6888516594422
  yaw: -83.36609
  pitch: -25.15044
money: '30.0'
