timestamps:
  lastteleport: 1418775469125
  logout: 1421709310553
  login: 1421709300351
lastlocation:
  world: spawn
  x: 19.237027911520926
  y: 36.0
  z: -10.928371624812737
  yaw: 194.40291
  pitch: -10.200028
logoutlocation:
  world: spawn
  x: 0.06120286890380623
  y: 80.5
  z: -1236.5862219300632
  yaw: 99.426414
  pitch: 1.349999
money: '4.75'
lastAccountName: GoldenEnderman1
ipAddress: 68.196.199.77
