lastAccountName: Raptor3512
timestamps:
  login: 1423502863773
  lastteleport: 1423502835256
  logout: 1423502864615
ipAddress: 86.128.112.254
lastlocation:
  world: spawn
  x: 2.066651382596681
  y: 33.0
  z: -36.798711713044796
  yaw: 145.8906
  pitch: 2.9999924
logoutlocation:
  world: spawn
  x: 17.986829856302787
  y: 106.0
  z: -248.86151545145654
  yaw: 119.998856
  pitch: 27.150053
money: '42.0'
