uuid: 849533f9-7dac-4f18-979f-d2bd57a87241
timestamps:
  login: 1423939943280
  lastteleport: 1423939945185
  kits:
    expert: 1423420915297
    novice: 1422925938106
    pvp: 1421029206348
    color: 1421879985277
    guard: 1422239338702
    changelog: 1422663799611
    adept: 1421101416212
  logout: 1423940180419
ipAddress: 66.87.120.207
lastlocation:
  world: mines
  x: 609.1241421438003
  y: 56.0
  z: -6.699999988079071
  yaw: 92.86866
  pitch: 61.94996
money: '464013596.16984105'
afk: false
logoutlocation:
  world: spawn
  x: 14.5
  y: 82.0
  z: -1237.5
  yaw: 89.826904
  pitch: 0.1499731
lastAccountName: GamingAssassin2
godmode: false
socialspy: false
