uuid: 84b7ddd9-a3c6-4ed8-8471-6f84f61121ec
timestamps:
  login: 1418864586074
  logout: 1418864607173
ipAddress: 96.22.172.43
logoutlocation:
  world: spawn
  x: 0.7399578498154953
  y: 102.0
  z: -11.34780576320141
  yaw: -355.87268
  pitch: 5.5845804
money: '30.0'
lastAccountName: mathiaslaprairie
