uuid: 84f2606a-fd8f-4554-af31-4ddca3198de7
timestamps:
  login: 1417819511985
  logout: 1417819520234
ipAddress: 108.59.221.236
logoutlocation:
  world: spawn
  x: 0.5966989618507843
  y: 101.0
  z: -8.693831588009893
  yaw: -359.85046
  pitch: 1.3500036
money: '30.0'
lastAccountName: asfjraj
