lastAccountName: Micah4252
timestamps:
  login: 1422469874228
  lastteleport: 1422212883266
  logout: 1422469885294
ipAddress: 50.33.210.239
lastlocation:
  world: spawn
  x: -11.375121057895589
  y: 85.0
  z: -1215.2093159622402
  yaw: 70.32687
  pitch: 29.39997
logoutlocation:
  world: parkour
  x: 25.5
  y: 86.0
  z: -35.507
  yaw: -189.15
  pitch: 8.549999
money: '30.0'
