uuid: 853b2411-3646-48c6-a0ba-663ee9006277
timestamps:
  login: 1424345118494
  lastteleport: 1416527649169
  logout: 1424345165884
  kits:
    color: 1416450678128
    stoner: 1416450657346
ipAddress: 222.164.49.113
lastlocation:
  world: mines
  x: 208.5
  y: 61.0
  z: -23.5
  yaw: -25.947504
  pitch: -4.199987
money: '30.0'
logoutlocation:
  world: spawn
  x: 1.6630998204862413
  y: 34.0
  z: 19.69999998807907
  yaw: -18.678406
  pitch: 6.0963745
lastAccountName: hiiampal
