lastAccountName: dabestbuilder
timestamps:
  login: 1422458565654
  lastteleport: 1422458510865
  logout: 1422458602627
  kits:
    pvp: 1422458400791
ipAddress: 70.233.137.87
lastlocation:
  world: spawn
  x: 2.9658631008997967
  y: 81.5
  z: -1237.4920024503153
  yaw: 89.826904
  pitch: -0.46442693
money: '703.1521739130432'
logoutlocation:
  world: spawn
  x: -2.8118943484468204
  y: 78.0
  z: -234.3439460341936
  yaw: 324.6175
  pitch: 1.6428903
