lastAccountName: spikeblade1
timestamps:
  login: 1423180348617
  lastteleport: 1422336220269
  kits:
    novice: 1421212735509
    color: 1421214401054
  logout: 1423180381751
ipAddress: 198.11.127.57
lastlocation:
  world: plotworld
  x: -48.99558675604186
  y: 65.0
  z: 1.362154381857689
  yaw: -49.049866
  pitch: 24.749994
money: '172789.83717391297'
logoutlocation:
  world: mines
  x: 324.2603710094002
  y: 63.0
  z: -12.661216254462488
  yaw: 89.85268
  pitch: 31.349993
