lastAccountName: ibalisticfellow
timestamps:
  login: 1421552941264
  lastteleport: 1421552026861
  kits:
    pvp: 1421516275379
    novice: 1421516288182
    color: 1421516249123
    adept: 1421516264577
  logout: 1421552059771
ipAddress: 73.196.194.34
lastlocation:
  world: spawn
  x: 12.699999988079071
  y: 102.0
  z: -244.90261698540593
  yaw: -70.50115
  pitch: 0.15007403
money: '9958.658695652164'
logoutlocation:
  world: plotworld
  x: 40.0
  y: 65.0
  z: 49.0
  yaw: -1.6500019
  pitch: 1.0499992
