uuid: 8709fb7a-b863-4109-81ab-d9b197668a89
timestamps:
  login: 1419983231425
  lastteleport: 1419984036118
  logout: 1419984110053
ipAddress: 108.219.161.99
lastlocation:
  world: spawn
  x: 20.497938328045517
  y: 74.0
  z: -241.33415444126163
  yaw: 72.43036
  pitch: 44.85002
logoutlocation:
  world: spawn
  x: -1.3521293665692284
  y: 32.0
  z: -34.542450322222884
  yaw: 19.94946
  pitch: 4.1999865
money: '29.0'
lastAccountName: dead_defiance
