uuid: 870b922f-4b18-4533-83cf-874168d3c53d
timestamps:
  login: 1419915745999
  lastteleport: 1419916028059
  logout: 1419916063008
ipAddress: 72.239.48.108
lastlocation:
  world: spawn
  x: -19.769465740014454
  y: 36.0
  z: -4.7284876048021935
  yaw: 154.64844
  pitch: 10.80002
logoutlocation:
  world: spawn
  x: 1.8791636870153627
  y: 81.0
  z: -1237.228910263326
  yaw: -272.27316
  pitch: 16.799974
money: '45.75'
lastAccountName: ganman_1
