lastAccountName: TheXtremePerson
timestamps:
  login: 1421843019807
  lastteleport: 1421844646794
  kits:
    novice: 1421843154103
  logout: 1421844894945
ipAddress: 218.102.76.30
lastlocation:
  world: mines
  x: 155.92525946130834
  y: 64.0
  z: -3.729818325145224
  yaw: -179.8471
  pitch: 25.200016
money: '5910.217391304344'
logoutlocation:
  world: mines
  x: 668.537641633854
  y: 65.0
  z: -13.235900409330371
  yaw: 318.75275
  pitch: 39.449966
