lastAccountName: Aone122
timestamps:
  login: 1423757865619
  lastteleport: 1423757964669
  kits:
    novice: 1423757928663
  logout: 1423758183975
ipAddress: 146.90.160.162
lastlocation:
  world: spawn
  x: 10.994071658237438
  y: 106.0
  z: -251.44083808886054
  yaw: 167.99895
  pitch: 4.8000855
logoutlocation:
  world: plotworld
  x: 23.155579189808503
  y: 65.0
  z: 22.429769078513466
  yaw: 22.650003
  pitch: 25.349949
money: '30.0'
