uuid: 873e7ad2-6b2f-45b4-899a-543cc4aef7d3
timestamps:
  login: 1419979307243
  lastteleport: 1419980365005
  kits:
    expert: 1419979821187
    pvp: 1419253321392
    novice: 1419969305060
    color: 1419343801974
    adept: 1419595397823
  logout: 1419980399919
ipAddress: 108.218.128.111
lastlocation:
  world: spawn
  x: -16.83738881774859
  y: 42.0
  z: -7.068699199572816
  yaw: 68.99954
  pitch: 5.6999884
logoutlocation:
  world: plotworld
  x: -55.69035942288641
  y: 65.0
  z: 54.3537355765568
  yaw: -19.949976
  pitch: 10.6500025
money: '289453.2619230767'
nickname: §aEmerald
afk: false
lastAccountName: emeraldjunkie
