uuid: 874bccc5-5a7b-4a7e-9021-1f156d8e1c28
timestamps:
  login: 1417845467050
  logout: 1417845553053
ipAddress: 79.141.166.25
logoutlocation:
  world: spawn
  x: 0.5752318538041483
  y: 103.0
  z: 8.813125975564098
  yaw: -359.85046
  pitch: 1.3500036
money: '30.0'
lastAccountName: erling2000
