uuid: 875877ab-14f7-4faa-9ad4-d0e6dac91baf
timestamps:
  login: 1416417387231
  lastteleport: 1416417460659
  logout: 1416417486931
ipAddress: 24.44.228.54
lastlocation:
  world: spawn
  x: 0.8506778300813218
  y: 34.0
  z: 8.250426555766559
  yaw: 176.69937
  pitch: -17.55
logoutlocation:
  world: spawn
  x: 1.4452463967190303
  y: 34.5
  z: -25.1293421887742
  yaw: 266.25284
  pitch: 14.099964
money: '30.0'
lastAccountName: jokers2005
