uuid: 87780f80-0521-485b-b8c1-265b619197ea
timestamps:
  login: 1419999131354
  logout: 1419999450464
ipAddress: 85.9.20.147
logoutlocation:
  world: spawn
  x: -3.88447913057626
  y: 81.0
  z: -1235.137499988079
  yaw: 266.52618
  pitch: 32.09997
money: '30.0'
lastAccountName: rocus1890
