lastAccountName: Albeado
timestamps:
  login: 1423502855076
  lastteleport: 1423502911334
  logout: 1423502912354
ipAddress: 213.106.156.18
lastlocation:
  world: spawn
  x: 1.5679720954343177
  y: 26.0
  z: -10.380985308543824
  yaw: 28.198717
  pitch: -44.699993
logoutlocation:
  world: spawn
  x: 0.5
  y: 37.0
  z: -6.5
  yaw: -180.15056
  pitch: 1.6499914
money: '30.0'
