lastAccountName: deadleyeye211
timestamps:
  login: 1420939223093
  lastteleport: 1420939682574
  logout: 1420939752518
ipAddress: 99.11.193.248
lastlocation:
  world: plotworld
  x: -14.99588237862393
  y: 65.0
  z: -40.84725601575684
  yaw: 217.97615
  pitch: 18.398676
money: '348.18'
logoutlocation:
  world: spawn
  x: -1.7311467479380251
  y: 80.5
  z: -1237.453995995806
  yaw: 91.8167
  pitch: 13.777546
