lastAccountName: elzyboiz
timestamps:
  login: 1422655423722
  lastteleport: 1422655643035
  kits:
    pvp: 1422655494655
    novice: 1422655486755
  logout: 1422655667545
ipAddress: 90.197.144.169
lastlocation:
  world: spawn
  x: 41.12296015351873
  y: 82.0
  z: -1237.5003851055733
  yaw: 271.79773
  pitch: 3.4069965
logoutlocation:
  world: world_the_end
  x: 11.511921081591028
  y: 62.0
  z: -68.94660074861974
  yaw: -180.31401
  pitch: 22.138306
money: '30.0'
