lastAccountName: mokikimorgan
timestamps:
  login: 1423252978571
  lastteleport: 1423254183208
  logout: 1423254296558
ipAddress: 64.233.216.195
lastlocation:
  world: mines
  x: 326.52456733538753
  y: 63.0
  z: -10.573216547298173
  yaw: 37.502525
  pitch: -8.700086
money: '161104.375'
logoutlocation:
  world: plotworld
  x: 23.58295445975823
  y: 65.0
  z: 73.94955190597382
  yaw: -189.89984
  pitch: 10.799976
