uuid: 881fec5d-775f-449d-9eb7-00878bae2c6a
timestamps:
  login: 1416394021833
  lastteleport: 1416394188856
  logout: 1416394246387
ipAddress: 90.220.176.184
lastlocation:
  world: spawn
  x: 0.7160193188421796
  y: 34.0
  z: 7.830267019666724
  yaw: -192.82184
  pitch: -15.440651
logoutlocation:
  world: spawn
  x: 1.5399169600666878
  y: 37.0
  z: -6.817289755213399
  yaw: 16.31764
  pitch: 8.018706
money: '30.0'
lastAccountName: fire_lord_00
