lastAccountName: Slenderkid7317
timestamps:
  login: 1420308455579
  lastteleport: 1420308528997
  logout: 1420308740341
ipAddress: 162.201.5.151
lastlocation:
  world: spawn
  x: 0.7021448010623476
  y: 29.0
  z: 52.21709336475934
  yaw: -180.9005
  pitch: 3.75
money: '94.0'
logoutlocation:
  world: spawn
  x: 16.73689396609813
  y: 36.0
  z: -6.528998298506022
  yaw: -270.00012
  pitch: 7.650002
