lastAccountName: zZSoulStealerZz
timestamps:
  login: 1423069710821
  lastteleport: 1423070009887
  kits:
    novice: 1423069831828
  logout: 1423070922792
ipAddress: 109.147.38.43
logoutlocation:
  world: plotworld
  x: -39.69999998807907
  y: 65.0
  z: -24.92500001192093
  yaw: 358.87097
  pitch: 48.17663
lastlocation:
  world: spawn
  x: 13.226699225604309
  y: 107.0
  z: -246.46627005249817
  yaw: -257.7547
  pitch: 15.674953
money: '102.81'
afk: false
