uuid: 887a7c75-3e55-4f8a-9117-a4160e0486f3
timestamps:
  login: 1418134461700
  logout: 1418134478226
ipAddress: 99.102.164.126
logoutlocation:
  world: spawn
  x: 0.9696792139137855
  y: 34.0
  z: 10.386035678675421
  yaw: -198.89981
  pitch: 19.649998
money: '30.0'
lastAccountName: goldignotman12
