lastAccountName: CreeperMan023
timestamps:
  login: 1422133988659
  lastteleport: 1422134457541
  logout: 1422134591926
ipAddress: 208.104.233.162
money: '30.0'
lastlocation:
  world: spawn
  x: 0.41184174338643775
  y: 29.0
  z: 52.906757053741806
  yaw: -5.85052
  pitch: -0.14999852
logoutlocation:
  world: spawn
  x: 4.428783941995522
  y: 30.0
  z: 6.699999988079072
  yaw: -8.247284
  pitch: 90.0
