lastAccountName: Lord_Pluto
timestamps:
  login: 1421072136864
  lastteleport: 1421072729347
  kits:
    novice: 1421072233006
  logout: 1421072794189
ipAddress: 98.237.75.210
lastlocation:
  world: spawn
  x: 19.51673382355339
  y: 36.0
  z: -1.9517092270875818
  yaw: 19.199734
  pitch: -13.199955
money: '30.0'
logoutlocation:
  world: plotworld
  x: 15.411478661658334
  y: 65.0
  z: 15.373620403413083
  yaw: 191.24986
  pitch: 5.8500094
