uuid: 89aa0688-1185-4d83-9c93-fae411554872
timestamps:
  login: 1417895718631
  logout: 1417895774734
ipAddress: 216.106.229.244
logoutlocation:
  world: spawn
  x: 0.3333190878697961
  y: 34.0
  z: 8.583078141319573
  yaw: -6.2365723
  pitch: 17.871418
money: '30.0'
lastAccountName: toughmonkey
