uuid: 89edcf18-ab46-40ba-b8b3-0dba4571fe95
timestamps:
  login: 1419015739398
  logout: 1419015755637
ipAddress: 94.198.69.205
logoutlocation:
  world: spawn
  x: 0.5998558901090338
  y: 102.0
  z: -11.967741904372629
  yaw: -359.85046
  pitch: 1.3500036
money: '30.0'
lastAccountName: fillestar01
