lastAccountName: demongod1895
timestamps:
  login: 1423263418442
  logout: 1423263432250
  lastteleport: 1423159725871
ipAddress: 193.13.11.59
logoutlocation:
  world: spawn
  x: 3.1456710371314127
  y: 33.0
  z: -37.754937525404905
  yaw: 246.14874
  pitch: 7.6500072
money: '45.5'
lastlocation:
  world: spawn
  x: -21.153965578159724
  y: 35.0
  z: -6.7988045292838155
  yaw: 38.399406
  pitch: -9.900007
