uuid: 8ad6f786-82b4-41a9-abf3-df28ba39fa40
timestamps:
  login: 1419260811933
  logout: 1419260951788
ipAddress: 177.86.23.253
logoutlocation:
  world: spawn
  x: 3.064797147859493
  y: 34.0
  z: 18.54064845414049
  yaw: -186.1501
  pitch: 24.300064
money: '30.0'
lastAccountName: batlle_game
