uuid: 8b15f3a5-7402-4177-90dd-5b40ba3fffe6
timestamps:
  login: 1419701583170
  logout: 1419701674366
ipAddress: 81.190.181.83
logoutlocation:
  world: spawn
  x: 0.7136408163361159
  y: 34.0
  z: 5.30000001192093
  yaw: -184.53247
  pitch: 8.972955
money: '30.0'
lastAccountName: euphoria918
