lastAccountName: ozm8ey
timestamps:
  login: 1420626199048
  logout: 1420626209047
ipAddress: 110.22.76.22
logoutlocation:
  world: spawn
  x: 14.461826923640048
  y: 81.5
  z: -1237.536211174398
  yaw: 89.676414
  pitch: -0.75000095
money: '30.0'
