uuid: 8b8212a6-2ed9-497d-afb2-1dd85dcbfa8e
timestamps:
  login: 1419999348425
  logout: 1419999352659
ipAddress: 85.9.20.147
logoutlocation:
  world: spawn
  x: 0.5998558901090338
  y: 102.74241333191203
  z: -11.967741904372629
  yaw: -359.85046
  pitch: 1.3500036
money: '30.0'
lastAccountName: hazeuk
