uuid: 8be4e383-0977-425f-bfa1-aa65f1453927
timestamps:
  login: 1418174780445
  logout: 1418174842016
ipAddress: 141.151.72.170
logoutlocation:
  world: spawn
  x: 1.0428811035213548
  y: 34.0
  z: 9.947820847928998
  yaw: -180.1502
  pitch: 11.550003
money: '30.0'
lastAccountName: littlesquarefac2
