uuid: 8c0c8674-2dc8-4fdb-86c2-82d5925f7d18
timestamps:
  login: 1420096456573
  lastteleport: 1420099183427
  logout: 1420099201587
  kits:
    pvp: 1419727709570
    color: 1420098867708
    adept: 1419659262328
ipAddress: 142.196.111.196
lastlocation:
  world: spawn
  x: 8.113936653882183
  y: 139.5
  z: -232.76135247820014
  yaw: 84.849464
  pitch: 17.099997
money: '319043.7943115945'
logoutlocation:
  world: spawn
  x: 1.5432173481775386
  y: 124.0
  z: -241.31844661532872
  yaw: -267.35
  pitch: -0.44999987
lastAccountName: minecraftopilis
