lastAccountName: victoriawebster
timestamps:
  login: 1421623762883
  logout: 1421623810967
ipAddress: 76.243.39.226
logoutlocation:
  world: spawn
  x: 15.275386233827499
  y: 81.0
  z: -1255.8628166776057
  yaw: -203.5727
  pitch: 36.900005
money: '30.0'
