lastAccountName: frankschwantner
timestamps:
  login: 1422756915492
  lastteleport: 1422757641735
  kits:
    pvp: 1422122321961
    novice: 1422122315061
    adept: 1422757378423
  logout: 1422757725933
ipAddress: 67.83.217.207
lastlocation:
  world: mines
  x: 319.46877513319
  y: 63.0
  z: -7.240431406174708
  yaw: 3.1526794
  pitch: 1.7999794
money: '537161.729057971'
afk: false
logoutlocation:
  world: spawn
  x: 2.6180338001706156
  y: 123.0
  z: -237.42306057958467
  yaw: -355.85028
  pitch: 5.0999994
