uuid: 8c8138e1-affb-4cbe-8ce7-be9bfa084435
timestamps:
  login: 1422581114066
  lastteleport: 1422147808068
  kits:
    pvp: 1418872255333
    novice: 1418872142547
  logout: 1422581128078
ipAddress: 50.92.34.76
lastlocation:
  world: spawn
  x: -0.6605012720040127
  y: 34.0
  z: 6.711256238127528
  yaw: -176.00073
  pitch: 10.262894
money: '73215.46076923075'
logoutlocation:
  world: mines
  x: 211.62667917620684
  y: 66.00133597911214
  z: -2.1438533382560423
  yaw: 83.4879
  pitch: 31.634666
godmode: false
lastAccountName: Aazray
