lastAccountName: Extrabread123
timestamps:
  login: 1422096545208
  lastteleport: 1422096413077
  kits:
    pvp: 1422096254841
    novice: 1422096244467
    color: 1422096273204
    adept: 1422096229964
  logout: 1422096764076
ipAddress: 86.191.225.84
lastlocation:
  world: mines
  x: 219.87917590148825
  y: 63.0
  z: -18.959073094374663
  yaw: -2.397646
  pitch: 11.549997
money: '29481.34463768116'
logoutlocation:
  world: mines
  x: 268.69999998807907
  y: 61.0
  z: -6.699999988079068
  yaw: -91.79767
  pitch: 19.350004
