uuid: 8cd38d8f-97a2-4090-a43e-2e0ce898c521
timestamps:
  login: 1418317814997
  logout: 1418317851555
ipAddress: 70.58.53.136
logoutlocation:
  world: spawn
  x: 1.4718248288190445
  y: 101.5
  z: -10.60355715065084
  yaw: -310.35077
  pitch: -11.099999
money: '30.0'
lastAccountName: xxdeaganmuirxx
