uuid: 8d137c25-98a7-4d0f-a23c-ddeb939b082e
timestamps:
  login: 1419651950369
  logout: 1419651964453
ipAddress: 184.89.149.213
logoutlocation:
  world: spawn
  x: 0.5090295437257737
  y: 100.0
  z: -3.9192060228158043
  yaw: 6.9000015
  pitch: 17.250008
money: '30.0'
lastAccountName: juschen7788
