uuid: 8d5ac283-eba2-488c-83d8-dee4bd3355fd
timestamps:
  login: 1420024623708
  lastteleport: 1420024658946
  logout: 1420024727071
ipAddress: 81.152.242.240
lastlocation:
  world: spawn
  x: 0.09086602630377852
  y: 26.0
  z: -11.858423847184746
  yaw: 165.495
  pitch: 5.971074
logoutlocation:
  world: plotworld
  x: -13.02164918585265
  y: 65.0
  z: 32.50722539647491
  yaw: -206.70712
  pitch: -4.125471
money: '30.0'
lastAccountName: kaiholly1312
