lastAccountName: HipKitten3497433
timestamps:
  login: 1421379569113
  lastteleport: 1421284836110
  kits:
    novice: 1421212162639
    pvp: 1421280360541
  logout: 1421379643016
ipAddress: 98.247.233.127
lastlocation:
  world: spawn
  x: 14.5
  y: 81.5
  z: -1237.5
  yaw: -39.623096
  pitch: 11.249974
logoutlocation:
  world: plotworld
  x: -5.657599506183914
  y: 65.0
  z: -55.809048947814176
  yaw: 11.0998535
  pitch: -6.9000072
money: '2766.809999999999'
