uuid: 8e7c3603-9d05-4d33-a008-372c2caab29e
timestamps:
  login: 1422483303469
  lastteleport: 1422483340598
  kits:
    pvp: 1419793427557
    novice: 1419793420419
    color: 1419793435708
    adept: 1419795224408
  logout: 1422483374838
ipAddress: 68.83.24.116
lastlocation:
  world: mines
  x: 185.4995114276535
  y: 58.0
  z: -6.9228750570765705
  yaw: -180.14691
  pitch: -0.29999757
money: '3274.25021739132'
logoutlocation:
  world: mines
  x: 298.28614838030524
  y: 53.0
  z: -9.494533351819946
  yaw: 260.5405
  pitch: -53.572895
lastAccountName: Ugotpwndbyagurl
