timestamps:
  kits:
    pvp: 1417639053566
    novice: 1417639048413
  lastteleport: 1417639097795
  logout: 1417639117156
lastlocation:
  world: spawn
  x: 11.70311473271746
  y: 106.0
  z: -252.17782111621625
  yaw: -205.35022
  pitch: 2.6999464
logoutlocation:
  world: spawn
  x: 1.081943762901216
  y: 36.0
  z: -18.93501174406899
  yaw: -0.60043335
  pitch: 5.8499966
money: '30.0'
lastAccountName: qlat2003
