lastAccountName: Lpskathy
timestamps:
  login: 1420693622178
  lastteleport: 1420691300656
  logout: 1420693806504
ipAddress: 76.104.167.84
lastlocation:
  world: spawn
  x: 0.4166483161661036
  y: 29.0
  z: 52.2392263714766
  yaw: -3.4505053
  pitch: 1.5000165
logoutlocation:
  world: spawn
  x: 0.6671852586102819
  y: 36.0
  z: -16.96862618473933
  yaw: 357.30304
  pitch: 12.149968
money: '30.0'
