uuid: 8ec75165-818a-4e13-b748-d7d4719459f6
timestamps:
  login: 1417877572099
  lastteleport: 1417877682722
  logout: 1417877699722
ipAddress: 173.61.174.73
lastlocation:
  world: spawn
  x: 10.980556666817419
  y: 106.0
  z: -252.63117595888423
  yaw: -187.2
  pitch: 9.900011
logoutlocation:
  world: spawn
  x: -0.6999999880790719
  y: 31.0
  z: -8.685443316825372
  yaw: -36.00061
  pitch: 34.649986
money: '30.0'
lastAccountName: icanpwnu
