uuid: 90472a9c-5b1e-4cf7-b196-de685a1f6164
timestamps:
  login: 1418339293858
  logout: 1418339294008
ipAddress: 69.67.7.205
logoutlocation:
  world: spawn
  x: -0.7287887511774898
  y: 33.0
  z: 13.577673653281014
  yaw: -192.11307
  pitch: 6.917786
money: '30.0'
lastAccountName: nico_53
