uuid: 9070279e-fd7b-4bd2-bd6d-4e3f67fb24da
timestamps:
  login: 1419604506610
  lastteleport: 1419604568290
  logout: 1419604600348
ipAddress: 109.79.243.168
lastlocation:
  world: spawn
  x: 0.45062444382347167
  y: 29.0
  z: 53.30016749450437
  yaw: -1.5005127
  pitch: 5.1000066
logoutlocation:
  world: spawn
  x: 0.3394483245706944
  y: 32.0
  z: -1.5105742892219278
  yaw: 352.35284
  pitch: 11.249978
money: '30.0'
lastAccountName: sirdatz
