lastAccountName: lisek213
timestamps:
  login: 1424114050939
  logout: 1424114101722
ipAddress: 81.170.81.72
logoutlocation:
  world: spawn
  x: 1.5965786968865148
  y: 29.178031239964675
  z: 14.300000011920927
  yaw: -184.50006
  pitch: 20.999949
money: '30.0'
