uuid: 90c1975d-bde8-4b38-a606-a11f6405de6d
timestamps:
  login: 1418946911413
  logout: 1418947356667
  lastteleport: 1418947010174
ipAddress: 86.152.0.224
logoutlocation:
  world: spawn
  x: 1.735325745505421
  y: 37.46268840026123
  z: -4.2969310760183514
  yaw: 23.549774
  pitch: 41.39998
lastlocation:
  world: spawn
  x: -0.20594180853452343
  y: 29.0
  z: 22.475317621632474
  yaw: 16.799496
  pitch: 4.200007
money: '15.0'
lastAccountName: qwikmaunder
