uuid: 911d139b-9861-4f3f-a60d-fb1308edbdaa
timestamps:
  login: 1417844719277
  logout: 1417844882558
ipAddress: 69.4.142.20
logoutlocation:
  world: spawn
  x: -3.699999988079068
  y: 34.0
  z: 13.416022877028144
  yaw: -88.42285
  pitch: 31.482533
money: '30.0'
lastAccountName: ninja72
