lastAccountName: masterethan05
timestamps:
  login: 1422647167204
  lastteleport: 1422647500057
  logout: 1422647511320
ipAddress: 80.1.184.29
lastlocation:
  world: spawn
  x: 10.728096978392905
  y: 106.0
  z: -252.48994092599372
  yaw: 175.93924
  pitch: -0.14495082
logoutlocation:
  world: spawn
  x: 9.509355657189007
  y: 82.0
  z: -1236.7447597294397
  yaw: 89.76066
  pitch: 4.86683
money: '32.5'
