uuid: 914d300f-3f6a-47bd-8685-9513e6257661
timestamps:
  login: 1419357502060
  lastteleport: 1419359129477
  kits:
    novice: 1419299931875
    pvp: 1419303464886
    color: 1419355139122
    adept: 1419354695062
  logout: 1419360012686
ipAddress: 70.121.213.218
lastlocation:
  world: mines
  x: 316.69999998807907
  y: 63.875
  z: -19.30000001192093
  yaw: -37.016384
  pitch: 31.248034
money: '2310.109999999986'
logoutlocation:
  world: mines
  x: 326.5310261905878
  y: 67.0
  z: -9.106699804176266
  yaw: -136.30722
  pitch: 24.001925
afk: false
lastAccountName: canttouchheat
