uuid: 9188252c-d9db-4d56-ae5b-aac9df0dbc6d
timestamps:
  login: 1419649992959
  lastteleport: 1419650501832
  logout: 1419650567354
ipAddress: 24.59.177.255
lastlocation:
  world: spawn
  x: 17.45881814190968
  y: 106.0
  z: -247.8201287010165
  yaw: -89.50682
  pitch: 33.421394
logoutlocation:
  world: spawn
  x: -1.2466348291596678
  y: 34.0
  z: -26.21166751660644
  yaw: -164.44684
  pitch: 34.33013
money: '0.0'
lastAccountName: latkes
