uuid: 9197ba26-e9fd-42c8-b4de-d7253e5b48a7
timestamps:
  login: 1417847195864
  logout: 1417847261393
ipAddress: 98.208.104.91
logoutlocation:
  world: spawn
  x: 0.9156371269592305
  y: 34.0
  z: 8.192131630812005
  yaw: -188.62047
  pitch: 24.575022
money: '30.0'
lastAccountName: jacks1236
