uuid: 919d620b-ff5b-4f19-a38d-e0b99a644d74
timestamps:
  login: 1422307766085
  lastteleport: 1419098170734
  kits:
    novice: 1422307777667
    pvp: 1419098216610
  logout: 1422308189871
ipAddress: 74.122.98.203
lastlocation:
  world: spawn
  x: 10.687350568421714
  y: 106.0
  z: -253.069274271659
  yaw: -181.05104
  pitch: 2.1000917
logoutlocation:
  world: spawn
  x: 14.461826923640048
  y: 81.5
  z: -1237.536211174398
  yaw: 112.77641
  pitch: 10.499999
money: '30.0'
lastAccountName: alexbossdemin
