timestamps:
  lastteleport: 1417385059525
  logout: 1417385392399
lastlocation:
  world: spawn
  x: 19.3454316887112
  y: 36.0
  z: -0.9920203820176179
  yaw: -2.0022733
  pitch: -23.799807
money: '21.0'
logoutlocation:
  world: plotworld
  x: -36.647395262006576
  y: 54.0
  z: 21.300000011920936
  yaw: -260.14758
  pitch: -7.0865273
lastAccountName: tinypeach
