uuid: 9248ddc0-6be2-4c81-a545-d276d074005a
timestamps:
  login: 1418849591322
  lastteleport: 1418849606967
  logout: 1418849621242
ipAddress: 72.89.93.199
lastlocation:
  world: spawn
  x: 0.7888083601908922
  y: 104.5
  z: 11.938093182043968
  yaw: -358.80048
  pitch: 6.000009
logoutlocation:
  world: spawn
  x: 0.4085573630105216
  y: 29.0
  z: 21.42803236009544
  yaw: 4.799286
  pitch: 37.200027
money: '30.0'
lastAccountName: hardflameboy
