uuid: 9258ab39-fb94-4de7-a0ab-11e87f671e26
timestamps:
  login: 1419889458171
  lastteleport: 1419889556524
  logout: 1419889567507
ipAddress: 5.133.43.117
lastlocation:
  world: spawn
  x: 0.5358417426241383
  y: 34.0
  z: 8.01727311613168
  yaw: -179.40001
  pitch: 40.800003
logoutlocation:
  world: spawn
  x: 0.5678651896003013
  y: 29.0
  z: 29.035696802050456
  yaw: -1.3504944
  pitch: 16.500008
money: '30.0'
lastAccountName: mini_tomo
