lastAccountName: Bloodhound820
timestamps:
  login: 1422208230748
  lastteleport: 1422208993564
  logout: 1422209512761
ipAddress: 66.56.21.227
money: '43803.39130434784'
lastlocation:
  world: mines
  x: 670.0707599951107
  y: 68.0
  z: -13.71798556768559
  yaw: 182.10278
  pitch: 12.449965
logoutlocation:
  world: mines
  x: 156.99459105607193
  y: 64.0
  z: -3.624338335217299
  yaw: 234.90308
  pitch: 31.799995
