uuid: 92eaa993-05a4-4f91-a0c3-7e781cf7693a
timestamps:
  login: 1418300257907
  lastteleport: 1418300883186
  logout: 1418300953865
ipAddress: 24.226.73.164
lastlocation:
  world: spawn
  x: -0.5183717945802273
  y: 32.0
  z: -6.153622219318228
  yaw: 190.34862
  pitch: -2.8499568
logoutlocation:
  world: spawn
  x: -1.0843270724808323
  y: 37.0
  z: -12.964374187700114
  yaw: -111.00058
  pitch: 5.2452087E-6
money: '32.0'
lastAccountName: lukanika
