uuid: 930b1c02-a355-4013-a0a0-f411b393534d
timestamps:
  login: 1419360828488
  logout: 1419360878309
ipAddress: 93.166.155.118
logoutlocation:
  world: spawn
  x: 1.8663248183911416
  y: 34.0
  z: 19.657634488313104
  yaw: -184.16699
  pitch: 17.897913
money: '30.0'
lastAccountName: suddox
