lastAccountName: LogicLimitz
timestamps:
  login: 1424066366329
  lastteleport: 1423898558459
  kits:
    novice: 1423898580327
    adept: 1423898623221
  logout: 1424066417530
ipAddress: 210.246.43.168
money: '30955.0'
lastlocation:
  world: spawn
  x: 0.5
  y: 29.0
  z: 20.5
  yaw: 359.6995
  pitch: -29.549994
logoutlocation:
  world: mines
  x: 206.92623024327543
  y: 63.0
  z: -17.52169985896887
  yaw: 352.35257
  pitch: 50.09999
