lastAccountName: Shadowhunterchic
timestamps:
  login: 1423612789508
  lastteleport: 1422947273724
  kits:
    expert: 1422505684276
    novice: 1421837460174
    pvp: 1421848591708
    color: 1421851233401
    adept: 1421853211996
  logout: 1423613029498
ipAddress: 125.209.131.117
lastlocation:
  world: mines
  x: 334.550450436998
  y: 64.0
  z: -19.69999998807907
  yaw: -292.49738
  pitch: -60.44997
money: '1691003.215543479'
logoutlocation:
  world: plotworld
  x: -3.589372159725048
  y: 87.0
  z: 70.69075110382542
  yaw: -322.6491
  pitch: 45.15001
afk: false
godmode: false
