lastAccountName: Wristyy
timestamps:
  login: 1423882762232
  logout: 1423882771534
ipAddress: 67.172.6.187
logoutlocation:
  world: spawn
  x: 10.374011763369205
  y: 82.0
  z: -1237.5248331498096
  yaw: 88.71136
  pitch: 7.216075
money: '30.0'
