lastAccountName: Storm7070
timestamps:
  login: 1421785027622
  logout: 1421785061602
ipAddress: 67.225.117.43
logoutlocation:
  world: spawn
  x: 0.25448821115811254
  y: 103.0
  z: 8.293329158789232
  yaw: -2.1383362
  pitch: -1.3753422
money: '30.0'
