uuid: 9483fd56-036b-47dc-b634-fd6e1917ee69
timestamps:
  login: 1418451063885
  lastteleport: 1418451212907
  kits:
    novice: 1418451185168
  logout: 1418451226323
ipAddress: 120.147.117.169
lastlocation:
  world: spawn
  x: -0.06680019421569801
  y: 32.0
  z: -2.492392156025135
  yaw: -11.174863
  pitch: 2.6844268
money: '200.03'
logoutlocation:
  world: spawn
  x: 1.035243541548022
  y: 107.0
  z: -244.68349896199302
  yaw: 54.320793
  pitch: -0.6631728
lastAccountName: aksc8
