uuid: 94a10a96-ca21-4787-99f8-3d6d79a9a9c3
timestamps:
  login: 1416428804302
  lastteleport: 1416429270151
  kits:
    color: 1416386547788
    alpha: 1416385981571
  logout: 1416429349547
ipAddress: 114.77.110.179
lastlocation:
  world: spawn
  x: 0.5010976092530819
  y: 55.0
  z: -11.689074711418886
  yaw: -10.43431
  pitch: 20.257917
money: '47.0'
logoutlocation:
  world: spawn
  x: -22.026654916482435
  y: 35.0
  z: -5.638010389135952
  yaw: -22.479502
  pitch: 0.5375948
lastAccountName: ferris53
