lastAccountName: DRANNOYING
timestamps:
  login: 1421216832554
  lastteleport: 1421217911841
  logout: 1421217924493
  kits:
    pvp: 1421216846257
ipAddress: 180.191.96.1
lastlocation:
  world: spawn
  x: 14.5
  y: 81.5
  z: -1237.5
  yaw: 89.826904
  pitch: 0.1499731
logoutlocation:
  world: mines
  x: 183.94888335207088
  y: 58.0
  z: -10.03941252027358
  yaw: -215.16792
  pitch: 4.065501
money: '22168.514347826087'
