lastAccountName: pandabanana101
timestamps:
  login: 1424568651941
  lastteleport: 1424568777742
  logout: 1424569350851
ipAddress: 99.100.171.78
lastlocation:
  world: spawn
  x: 0.21904722648301414
  y: 29.0
  z: 31.06018801245704
  yaw: 359.54926
  pitch: 28.349882
logoutlocation:
  world: spawn
  x: 6.157344265923173
  y: 37.0
  z: -5.343040866008726
  yaw: -94.80113
  pitch: 24.750055
money: '55.0'
