uuid: 95e16ee9-41a5-4ac8-8ee1-138d28b866f6
timestamps:
  login: 1418012738285
  logout: 1418012749708
ipAddress: 67.180.69.63
logoutlocation:
  world: spawn
  x: 1.5177302530182701
  y: 34.0
  z: 7.3920660193971255
  yaw: -354.75183
  pitch: 32.850002
money: '30.0'
lastAccountName: sapo300
