uuid: 95e36c88-f47f-486a-9400-3b93a5d2090c
timestamps:
  login: 1419387349982
  lastteleport: 1419387031724
  logout: 1419387620691
ipAddress: 162.254.174.165
lastlocation:
  world: spawn
  x: 14.079157660692601
  y: 82.0
  z: -1237.534688245749
  yaw: 88.20835
  pitch: 10.023211
logoutlocation:
  world: spawn
  x: -13.699915427394444
  y: 31.0
  z: -6.308331454610188
  yaw: 269.97787
  pitch: 53.50142
money: '15.0'
lastAccountName: hcc_dante
