lastAccountName: morganminer22
timestamps:
  login: 1423166710176
  lastteleport: 1423156226769
  logout: 1423166854159
ipAddress: 92.0.134.189
lastlocation:
  world: spawn
  x: -3.3267955782046474
  y: 55.0
  z: 1.9551189677872003
  yaw: 264.00055
  pitch: 14.54999
money: '70.75'
logoutlocation:
  world: spawn
  x: 1.1222895783659552
  y: 37.0
  z: -10.844466370613048
  yaw: 98.99951
  pitch: 35.250042
