uuid: 96291061-36bf-4eeb-aac2-d38ee61b8c8e
timestamps:
  login: 1416943198439
  lastteleport: 1416943611127
  kits:
    alpha: 1416943448758
  logout: 1416944134250
ipAddress: 73.182.106.174
lastlocation:
  world: spawn
  x: 11.298965449801427
  y: 106.0
  z: -250.62132323558706
  yaw: -185.09998
  pitch: 2.249997
logoutlocation:
  world: spawn
  x: -0.5703499618799166
  y: 34.5
  z: -25.1819542919266
  yaw: -8.852112
  pitch: 11.249987
money: '84.75'
lastAccountName: ___equinox__
