uuid: 963a9d7a-3cf8-4a1b-a812-ada097dc8381
timestamps:
  login: 1419250855194
  lastteleport: 1419251191507
  kits:
    pvp: 1419251015768
    novice: 1419250995611
  logout: 1419251195799
ipAddress: 156.34.29.128
lastlocation:
  world: spawn
  x: 12.388993669347338
  y: 102.0
  z: -244.68572923423477
  yaw: -277.35126
  pitch: -4.649926
logoutlocation:
  world: spawn
  x: 10.547950537029163
  y: 114.0
  z: -742.8725216339254
  yaw: -43.246822
  pitch: 33.899986
money: '30.0'
lastAccountName: armyham
