lastAccountName: DrewFromTGC
timestamps:
  login: 1424110090342
  logout: 1424110130163
ipAddress: 67.68.17.125
logoutlocation:
  world: spawn
  x: 40.537720063520176
  y: 81.5
  z: -1236.9958703456257
  yaw: -174.1969
  pitch: -6.7639713
money: '30.0'
