uuid: 9667fab2-46f4-4541-a233-263a64e71040
timestamps:
  login: 1419170588240
  lastteleport: 1419170808105
  logout: 1419170817737
ipAddress: 98.166.179.119
lastlocation:
  world: spawn
  x: 0.4561141000506926
  y: 32.0
  z: -2.797458735124743
  yaw: -1.1169635
  pitch: 0.43089393
logoutlocation:
  world: spawn
  x: 17.093032481547255
  y: 107.5
  z: -252.0437228054924
  yaw: 197.65865
  pitch: 6.083052
money: '30.0'
lastAccountName: titanicacev2
