lastAccountName: xPoisonHerox
timestamps:
  login: 1423853624622
  logout: 1423853660226
ipAddress: 104.231.153.196
logoutlocation:
  world: spawn
  x: 20.326201711978417
  y: 82.0
  z: -1241.64160866392
  yaw: -50.873566
  pitch: 12.300005
money: '30.0'
