uuid: 97b122ad-aaef-4e44-bb5f-b5c8e9c2fac0
timestamps:
  login: 1424652690879
  lastteleport: 1424653805777
  kits:
    expert: 1423714144319
    pvp: 1423714230251
    novice: 1423714260429
    color: 1423714239425
    adept: 1423714247371
  logout: 1424653950697
  jail: 0
ipAddress: 65.74.22.87
lastlocation:
  world: spawn
  x: 9.628116936247233
  y: 139.5
  z: -232.93113032516254
  yaw: -55.999268
  pitch: 11.400038
money: '34084801.71778985'
logoutlocation:
  world: mines
  x: 520.4293620476858
  y: 63.875
  z: -3.21594141152853
  yaw: 179.70093
  pitch: 24.149975
lastAccountName: Zedlicious
afk: false
jailed: false
