uuid: 97fd92f0-3070-41c9-9fd0-d9cf5958bbee
timestamps:
  login: 1417340637798
  lastteleport: 1417340888201
  kits:
    alpha: 1417340823813
  logout: 1417341297183
ipAddress: 90.201.177.233
lastlocation:
  world: spawn
  x: 0.7146642847272053
  y: 37.0
  z: -7.227405111594512
  yaw: -79.72436
  pitch: 9.717656
money: '30.0'
logoutlocation:
  world: spawn
  x: 5.053496688310793
  y: 33.0
  z: -38.2166213941181
  yaw: -237.17188
  pitch: -50.54392
lastAccountName: monkeyrider150
