timestamps:
  lastteleport: 1424643634043
  kits:
    expert: 1418852614421
    novice: 1418335733127
    pvp: 1419955586450
    color: 1419956790499
    alpha: 1417043585436
    adept: 1418335192270
  logout: 1424643719958
  login: 1424643466041
lastlocation:
  world: mines
  x: 346.5
  y: 63.0
  z: -3.5
  yaw: -134.24753
  pitch: 1.9500026
money: '3265758.8346767006'
logoutlocation:
  world: mines
  x: 437.55034511547336
  y: 64.0
  z: -10.300000011920927
  yaw: -4.9475045
  pitch: 19.650028
uuid: 9818566e-1e33-4c69-a9fc-ce9f33beb1dc
ipAddress: 73.18.236.235
afk: false
lastAccountName: bronkzoo
