lastAccountName: supercrafterj
timestamps:
  login: 1422130605733
  lastteleport: 1422130717382
  kits:
    novice: 1422064475992
    pvp: 1422064462640
    adept: 1422064467490
  logout: 1422130743744
ipAddress: 50.173.167.99
lastlocation:
  world: mines
  x: 245.69999998807907
  y: 62.0
  z: -8.300000011920927
  yaw: -197.96088
  pitch: 14.766088
money: '6284.649999999993'
logoutlocation:
  world: mines
  x: 219.93598762450947
  y: 63.0
  z: -22.385760341730812
  yaw: -27.152443
  pitch: 25.241697
