lastAccountName: EnderStarz
timestamps:
  login: 1424661942906
  lastteleport: 1424662047763
  mute: 0
  kits:
    pvp: 1424063023010
    adept: 1424558950225
  logout: 1424662205389
ipAddress: 75.109.36.14
lastlocation:
  world: mines
  x: 296.48994586203366
  y: 67.0
  z: -14.037942741273941
  yaw: 266.47217
  pitch: -8.167942
money: '232240.6980797102'
muted: false
afk: false
logoutlocation:
  world: plotworld
  x: 39.02824950949919
  y: 65.0
  z: -14.951283864613385
  yaw: 76.568085
  pitch: 0.16579337
