lastAccountName: nthnhng123
timestamps:
  login: 1424322811858
  lastteleport: 1424323178930
  logout: 1424323320181
ipAddress: 71.202.166.148
lastlocation:
  world: parkour
  x: -0.9513300641018312
  y: 80.0
  z: 1.059644310828155
  yaw: 187.27167
  pitch: 13.350004
logoutlocation:
  world: spawn
  x: 0.5120049322706347
  y: 34.0
  z: 7.893633407729866
  yaw: 179.2497
  pitch: 22.349968
money: '30.0'
