uuid: 9907429a-2a65-4af6-820a-ad747669ba6f
timestamps:
  login: 1418802895311
  lastteleport: 1418803046204
  logout: 1418803177036
ipAddress: 121.217.242.187
lastlocation:
  world: spawn
  x: 0.4354778647027182
  y: 29.0
  z: 53.18785952279843
  yaw: 0.4120965
  pitch: 5.225429
money: '129.0'
logoutlocation:
  world: spawn
  x: -21.130183350905195
  y: 35.0
  z: -6.522929645467258
  yaw: 95.598816
  pitch: -4.7327185
lastAccountName: obkjpayne
