uuid: 9912043d-e7c4-43cf-85a7-4440284e9ed1
timestamps:
  login: 1417407920754
  lastteleport: 1417409922533
  logout: 1417410160817
  kits:
    alpha: 1417408140163
ipAddress: 137.186.212.67
lastlocation:
  world: spawn
  x: 12.699999988079073
  y: 102.0
  z: -244.42628618692083
  yaw: 96.450035
  pitch: 4.199929
logoutlocation:
  world: plotworld
  x: -240.77821672273305
  y: 65.5
  z: 120.78964780516375
  yaw: 52.650894
  pitch: 17.699995
money: '62.0'
lastAccountName: darkma7ter
