timestamps:
  lastteleport: 1422838557034
  logout: 1424453458962
  login: 1424453445853
  kits:
    adept: 1420943651831
lastlocation:
  world: mines
  x: 316.365407348863
  y: 64.0
  z: -2.155751063849861
  yaw: -14.097443
  pitch: 73.649994
money: '395503.49417324096'
logoutlocation:
  world: spawn
  x: 19.261971570274536
  y: 123.0
  z: -252.5921096719915
  yaw: 54.551025
  pitch: 12.749995
uuid: 99389580-a277-4995-a9b3-336f9ef38512
ipAddress: 73.40.140.244
afk: false
lastAccountName: deucenator757
