lastAccountName: Markj2003
timestamps:
  login: 1420732833506
  logout: 1420732858854
ipAddress: 80.161.152.28
logoutlocation:
  world: spawn
  x: 14.18728146890399
  y: 81.0
  z: -1219.5289951846942
  yaw: 129.42642
  pitch: 31.649998
money: '30.0'
