uuid: 9a07961a-57dc-408d-be00-49139ad14fad
timestamps:
  login: 1419296287243
  lastteleport: 1419296455571
  kits:
    novice: 1419296398532
  logout: 1419296584210
ipAddress: 173.19.34.231
lastlocation:
  world: spawn
  x: 19.693551246484574
  y: 36.0
  z: -11.100049419239594
  yaw: -216.18732
  pitch: -2.244991
logoutlocation:
  world: spawn
  x: 4.960290029678679
  y: 37.0
  z: -6.512996145362769
  yaw: 287.92487
  pitch: 19.432093
money: '2.0'
lastAccountName: firelegend2879
