uuid: 9a68eb73-07fc-42d6-97a6-c7d88ac69fd9
timestamps:
  login: 1421518507775
  lastteleport: 1421518566601
  kits:
    pvp: 1419424526694
    novice: 1419424506618
    color: 1419427040527
    adept: 1419427306109
  logout: 1421518575818
ipAddress: 70.193.75.229
lastlocation:
  world: spawn
  x: 0.4064954825882827
  y: 34.0
  z: 8.959615915810481
  yaw: 181.34996
  pitch: 13.349995
money: '121858.5960144928'
logoutlocation:
  world: mines
  x: 295.69700626465084
  y: 73.0
  z: -11.157261173920567
  yaw: -249.44731
  pitch: 5.1000214
lastAccountName: Ha10boi
