lastAccountName: creekwarrior
timestamps:
  login: 1420576794947
  logout: 1420576800672
ipAddress: 74.140.209.139
logoutlocation:
  world: spawn
  x: 9.175532926476583
  y: 82.0
  z: -1237.5187586265984
  yaw: 89.67641
  pitch: 6.899999
money: '30.0'
