lastAccountName: AlexanderT2003
timestamps:
  login: 1420464153582
  logout: 1420464167435
ipAddress: 90.205.241.161
logoutlocation:
  world: spawn
  x: 18.09377896273386
  y: 82.0
  z: -1236.313034363571
  yaw: 87.87689
  pitch: 31.499975
money: '30.0'
