uuid: 9b332114-fc15-4ba2-868d-8306ed866b93
timestamps:
  login: 1419652183630
  lastteleport: 1419652284889
  logout: 1419652312175
ipAddress: 96.242.148.125
lastlocation:
  world: spawn
  x: -1.8991072288096442
  y: 34.0
  z: 11.130599880962233
  yaw: -81.900085
  pitch: 34.800003
logoutlocation:
  world: spawn
  x: 0.9579632741484181
  y: 29.0
  z: 21.322870504840225
  yaw: 350.24942
  pitch: 17.549988
money: '30.0'
lastAccountName: neonmoon5
