lastAccountName: Mojo190
timestamps:
  login: 1420717285973
  logout: 1420717343131
ipAddress: 173.245.67.63
logoutlocation:
  world: spawn
  x: -0.962153160195322
  y: 33.0
  z: 16.824515036927473
  yaw: 171.41797
  pitch: 10.127984
money: '30.0'
