uuid: 9b6f7950-a95b-4cf3-8dcf-b12d75bdcae6
timestamps:
  login: 1417922678665
  lastteleport: 1417923243594
  logout: 1417923470351
ipAddress: 67.8.234.245
lastlocation:
  world: spawn
  x: -0.215051767873635
  y: 32.0
  z: -2.6730233157103216
  yaw: 6.598236
  pitch: 17.999971
money: '25.25'
logoutlocation:
  world: spawn
  x: -0.5966106296219861
  y: 26.0
  z: -3.55376562749084
  yaw: 263.3986
  pitch: 37.049953
lastAccountName: cmc0967
