uuid: 9ba659c1-229e-40c2-af0b-65926f7ebf6e
timestamps:
  login: 1419085879304
  lastteleport: 1419085981206
  kits:
    pvp: 1419085892708
    novice: 1419085887607
    alpha: 1417272958754
  logout: 1419085991704
ipAddress: 90.155.44.196
lastlocation:
  world: spawn
  x: 5.27490621919431
  y: 23.0
  z: -6.277889847861392
  yaw: -317.23193
  pitch: 27.283302
logoutlocation:
  world: spawn
  x: 0.5998558901090338
  y: 102.0
  z: -11.967741904372629
  yaw: -359.85046
  pitch: 1.3500036
money: '30.0'
lastAccountName: northflux
