uuid: 9bc827c2-0dab-4fc6-8df2-a20aef8071d1
timestamps:
  login: 1420038168192
  logout: 1420038317656
ipAddress: 87.4.212.93
logoutlocation:
  world: spawn
  x: 17.668543529312895
  y: 81.0
  z: -1250.8598910514468
  yaw: 105.24423
  pitch: 10.485173
money: '30.0'
lastAccountName: tiaprose
