lastAccountName: darkmirage572
timestamps:
  login: 1423925759638
  lastteleport: 1423925782921
  kits:
    novice: 1422979269929
    color: 1422979277108
  logout: 1423925786680
ipAddress: 87.242.217.193
lastlocation:
  world: mines
  x: 47.559198803280935
  y: 63.0
  z: -5.153579255563319
  yaw: 341.74973
  pitch: -0.97018147
money: '98659.0'
logoutlocation:
  world: spawn
  x: 19.71290942444557
  y: 106.0
  z: -245.1167349095106
  yaw: -147.64566
  pitch: -0.5984378
