lastAccountName: Yenihime
timestamps:
  login: 1423532885893
  lastteleport: 1423532968275
  kits:
    novice: 1423532902260
  logout: 1423533024684
ipAddress: 97.81.138.0
lastlocation:
  world: spawn
  x: 11.244169624720682
  y: 108.0
  z: -244.26289307118518
  yaw: 342.8988
  pitch: 7.650074
logoutlocation:
  world: spawn
  x: -11.401396624997886
  y: 33.0
  z: -26.970864226387793
  yaw: 251.39937
  pitch: 15.149999
money: '30.0'
