timestamps:
  lastteleport: 1418835132074
  logout: 1419016485941
  login: 1419016471878
lastlocation:
  world: spawn
  x: 0.5
  y: 37.0
  z: -6.5
  yaw: -180.15056
  pitch: 1.6499914
logoutlocation:
  world: spawn
  x: -11.699999988079071
  y: 27.0
  z: -6.933588819636254
  yaw: 267.22647
  pitch: 81.184685
money: '30.0'
uuid: 9d101cd0-a95b-4e74-9f99-d600049f2f65
ipAddress: 82.14.178.32
lastAccountName: deblitzx1
