lastAccountName: Sirius_Xsout
timestamps:
  login: 1421011720880
  lastteleport: 1421012243443
  logout: 1421012792126
ipAddress: 69.142.215.112
lastlocation:
  world: mines
  x: 99.4643713819848
  y: 63.0
  z: -16.67906585466612
  yaw: 166.91182
  pitch: 32.341175
money: '4522.98'
logoutlocation:
  world: mines
  x: 68.04412749409637
  y: 63.0
  z: -10.695480913564102
  yaw: -73.81543
  pitch: 70.10126
