uuid: 9e4accda-2da9-41a9-8b58-bf6f0482ae19
timestamps:
  login: 1418792276926
  logout: 1418792472111
ipAddress: 73.18.224.18
logoutlocation:
  world: spawn
  x: 0.5998558901090338
  y: 102.74241333191203
  z: -11.967741904372629
  yaw: -359.85046
  pitch: 1.3500036
money: '30.0'
lastAccountName: guavagirl
