lastAccountName: MayNova35
timestamps:
  login: 1424501676531
  lastteleport: 1424502677505
  kits:
    pvp: 1424233729456
    color: 1424233779964
    adept: 1424233805217
  logout: 1424502797885
ipAddress: 76.121.247.126
lastlocation:
  world: mines
  x: 45.5
  y: 63.0
  z: -3.5
  yaw: 179.70251
  pitch: 1.799999
money: '1232761.260217391'
logoutlocation:
  world: plotworld
  x: 21.915689707639878
  y: 65.0
  z: -117.57177780702463
  yaw: -51.900696
  pitch: 13.350009
