uuid: 9f6661cb-4d9e-4495-9145-cf9e73d6fd54
timestamps:
  login: 1419909181066
  logout: 1419909204489
ipAddress: 173.69.135.192
logoutlocation:
  world: spawn
  x: 12.676942886664628
  y: 82.0
  z: -1237.2931497300424
  yaw: 70.92648
  pitch: 37.49999
money: '30.0'
lastAccountName: gmp407
