uuid: 9fbdf163-04a7-484c-81b2-b6a5553e5c4d
timestamps:
  login: 1419435249786
  lastteleport: 1419435277931
  logout: 1419435281771
ipAddress: 50.133.240.155
lastlocation:
  world: spawn
  x: 0.5
  y: 102.0
  z: -11.372600018978119
  yaw: 3.45
  pitch: 7.8
logoutlocation:
  world: spawn
  x: 0.5
  y: 29.0
  z: 20.5
  yaw: 3.299486
  pitch: 4.9500046
money: '30.0'
lastAccountName: alexisfly7878
