uuid: 9ff34222-5bd8-4d3f-aae8-bc7a02722e62
timestamps:
  login: 1419648858398
  lastteleport: 1419648911548
  kits:
    novice: 1419433425686
  logout: 1419648912821
ipAddress: 72.66.94.250
lastlocation:
  world: mines
  x: 209.79978165952176
  y: 64.0
  z: -16.125825049166416
  yaw: 150.15225
  pitch: 41.40003
logoutlocation:
  world: mines
  x: 209.76901699879443
  y: 63.0
  z: -20.710819904198907
  yaw: -38.997505
  pitch: 4.800014
money: '50291.641304347824'
lastAccountName: camleew27
