uuid: a06acd8a-925f-497f-8998-eb5fbe691d3f
timestamps:
  login: 1424454627576
  lastteleport: 1424442225538
  kits:
    expert: 1423273838571
    pvp: 1420607395207
    novice: 1421844882498
    color: 1420447726461
    guard: 1421448542149
    alpha: 1416350957067
    changelog: 1418772270884
    adept: 1422108870087
    stoner: 1417093852297
  logout: 1424454634340
  lastheal: 1418952309170
  jail: 0
  mute: 0
ipAddress: 71.97.88.141
lastlocation:
  world: spawn
  x: -28.699306735070422
  y: 43.76787665016378
  z: -1998.880738498006
  yaw: 132.87926
  pitch: -25.166372
money: '461452819.730999'
logoutlocation:
  world: plotworld
  x: 6.684703810414511
  y: 65.0
  z: -24.317660781454332
  yaw: 337.84036
  pitch: 4.8222303
godmode: false
afk: false
socialspy: false
jailed: false
muted: false
lastAccountName: X_java_X
ignore:
- diamond_dragon_7
