lastAccountName: gabekaczor3133
timestamps:
  login: 1421982464442
  lastteleport: 1421982687231
  logout: 1421982708783
ipAddress: 66.57.122.176
lastlocation:
  world: spawn
  x: 1.1759874085774698
  y: 55.635885005354886
  z: 10.699999988079071
  yaw: 180.36436
  pitch: 10.278306
logoutlocation:
  world: spawn
  x: 13.676394514894938
  y: 36.0
  z: -6.565915582165422
  yaw: 89.5911
  pitch: 1.1969907
money: '1274.0'
