uuid: a0a7eaaa-0341-47c4-b6a9-de0407b88af7
timestamps:
  login: 1419365034406
  lastteleport: 1419292206151
  logout: 1419365054557
ipAddress: 195.81.67.145
lastlocation:
  world: spawn
  x: 0.7321111241650805
  y: 33.0
  z: -38.62131504897084
  yaw: 170.10266
  pitch: 8.699977
logoutlocation:
  world: spawn
  x: 12.641296916604356
  y: 103.5
  z: -241.20112655915977
  yaw: -175.20096
  pitch: -90.0
money: '30.0'
lastAccountName: bufugamerz
