timestamps:
  lastteleport: 1417870324737
  logout: 1417870370316
  login: 1417869995655
  kits:
    novice: 1417870301679
    pvp: 1417730104666
    color: 1417730108266
    adept: 1417870308881
lastlocation:
  world: mines
  x: 185.47970600239933
  y: 58.0
  z: -8.946578252116009
  yaw: -180.74187
  pitch: 0.902952
logoutlocation:
  world: mines
  x: 159.69999998807907
  y: 48.0
  z: -9.300000011920929
  yaw: -322.5173
  pitch: 46.579514
money: '12238.307692307691'
uuid: a0f2fe14-a678-4dce-a02f-e383d686f724
ipAddress: 69.11.160.140
afk: false
lastAccountName: fireblaze150
