lastAccountName: ForeignAids
timestamps:
  login: 1423289652665
  lastteleport: 1423289726993
  kits:
    adept: 1423289734345
  logout: 1423289888402
ipAddress: 76.167.36.106
lastlocation:
  world: spawn
  x: 0.5538843820686452
  y: 29.0
  z: 30.93446554538825
  yaw: 359.1118
  pitch: 0.5983144
money: '68955.0'
logoutlocation:
  world: world_the_end
  x: -83.50635393288152
  y: 38.0
  z: 12.69999998807907
  yaw: 215.19788
  pitch: 22.681965
