timestamps:
  lastteleport: 1418943211364
  logout: 1418943251305
lastlocation:
  world: spawn
  x: 0.5141892094110774
  y: 29.0
  z: 52.53404106552544
  yaw: -1.0505127
  pitch: 4.6500087
logoutlocation:
  world: spawn
  x: -0.6999999880790717
  y: 29.0
  z: -5.699999988079071
  yaw: 159.15291
  pitch: 90.0
money: '30.0'
lastAccountName: boojames2002
