timestamps:
  lastteleport: 1419597442730
  kits:
    novice: 1419425067890
  logout: 1419597448027
  login: 1419596787950
lastlocation:
  world: spawn
  x: 33.67687929148795
  y: 81.0
  z: -1239.4690192663263
  yaw: -106.97308
  pitch: -2.4000423
logoutlocation:
  world: spawn
  x: 26.5
  y: 34.5
  z: -6.5
  yaw: 90.75285
  pitch: -3.450028
money: '24.0'
uuid: a21207c9-c214-4097-8fba-c84573fe7ec6
ipAddress: 78.82.23.36
lastAccountName: ninostar1289
