lastAccountName: gummybears_rock
timestamps:
  login: 1423977351950
  lastteleport: 1423977542265
  kits:
    pvp: 1423977530399
    novice: 1423977519898
  logout: 1423977589168
ipAddress: 24.22.145.70
lastlocation:
  world: spawn
  x: 0.4528022647877379
  y: 29.0
  z: 52.8887826201795
  yaw: -1.5005267
  pitch: 1.2000082
logoutlocation:
  world: spawn
  x: 2.6999999880790706
  y: 26.0
  z: -3.3000000119209285
  yaw: 47.7063
  pitch: 25.04989
money: '30.0'
