lastAccountName: Emanlego
timestamps:
  login: 1420982875776
  lastteleport: 1420983108942
  kits:
    novice: 1420982987015
  logout: 1420983157669
ipAddress: 67.82.206.81
lastlocation:
  world: spawn
  x: 18.161788190823813
  y: 114.0
  z: -755.2192282192252
  yaw: -98.67245
  pitch: 13.199992
logoutlocation:
  world: spawn
  x: 3.9012202403530147
  y: 33.0
  z: -27.51224217996913
  yaw: 35.503876
  pitch: 13.833609
money: '37.8125'
