lastAccountName: FrostBroGaming
timestamps:
  login: 1421671109290
  logout: 1421672617970
  lastteleport: 1421672610466
ipAddress: 74.193.215.168
logoutlocation:
  world: spawn
  x: 67.079918972137
  y: 113.0
  z: -749.0439453519822
  yaw: -114.5265
  pitch: 28.499945
money: '12263.695652173912'
lastlocation:
  world: spawn
  x: 45.61447008096181
  y: 111.5
  z: -769.326983971915
  yaw: -73.99649
  pitch: -6.150013
