uuid: a2570ec5-15a3-4b9d-8bab-64f04828918f
timestamps:
  login: 1419424208811
  lastteleport: 1419424384184
  logout: 1419424419959
ipAddress: 2.223.7.233
lastlocation:
  world: spawn
  x: -1.6999999880790688
  y: 26.0
  z: -3.300000011920929
  yaw: -63.45697
  pitch: 33.725838
logoutlocation:
  world: spawn
  x: -17.933701993746894
  y: 35.0
  z: -7.001618257728959
  yaw: -81.53373
  pitch: 8.547169
money: '45.25'
lastAccountName: taylorinos
