timestamps:
  lastteleport: 1419306207191
  logout: 1419306225771
lastlocation:
  world: spawn
  x: 1.03707566690536
  y: 34.0
  z: 8.59517863451375
  yaw: -188.08606
  pitch: 15.5222025
logoutlocation:
  world: spawn
  x: 0.5
  y: 29.0
  z: 20.5
  yaw: -3.774989
  pitch: 23.755785
money: '30.0'
lastAccountName: medina1124
