uuid: a2fa9f6d-2bb8-41ed-b071-3914f1fdb783
timestamps:
  login: 1417111749594
  lastteleport: 1417111845316
  kits:
    alpha: 1416946381277
  logout: 1417111869776
ipAddress: 195.241.21.149
lastlocation:
  world: spawn
  x: -21.488164317930202
  y: 35.0
  z: -6.030182926021921
  yaw: 217.20264
  pitch: 18.450033
logoutlocation:
  world: spawn
  x: 0.684179057893277
  y: 55.0
  z: 8.208644215321122
  yaw: -180.59836
  pitch: 27.899998
money: '24.5'
lastAccountName: dashm
