uuid: a3644673-6158-4917-b00b-972751379234
timestamps:
  login: 1419664980619
  lastteleport: 1419654251855
  logout: 1419665012436
ipAddress: 76.113.52.65
lastlocation:
  world: spawn
  x: 0.2792316554842524
  y: 55.0
  z: -12.876851539648094
  yaw: -176.54858
  pitch: 2.2499895
logoutlocation:
  world: spawn
  x: -21.87286499781363
  y: 35.0
  z: -7.7253399847086985
  yaw: 89.24944
  pitch: 9.300009
money: '4.0'
lastAccountName: snidewand
