lastAccountName: snivysleaf678
timestamps:
  login: 1423087259923
  lastteleport: 1423087447422
  logout: 1423087468097
ipAddress: 65.36.82.96
money: '230.75'
lastlocation:
  world: mines
  x: -16.699999988079075
  y: 63.0
  z: -7.4632683085861835
  yaw: -306.14758
  pitch: 8.850006
logoutlocation:
  world: spawn
  x: 20.951796579283766
  y: 106.0
  z: -240.0148006108299
  yaw: -57.601143
  pitch: 61.650074
