lastAccountName: nightcrawler2000
timestamps:
  login: 1424130481629
  lastteleport: 1424130544138
  logout: 1424130763365
ipAddress: 98.160.134.251
lastlocation:
  world: spawn
  x: 0.43956906178805644
  y: 29.0
  z: 53.389139858197055
  yaw: 0.59939575
  pitch: 3.0000048
logoutlocation:
  world: spawn
  x: 14.5
  y: 81.5
  z: -1237.5
  yaw: 89.826904
  pitch: 0.1499731
money: '30.0'
