uuid: a5e5a809-88bc-4851-9fc2-179410f29470
timestamps:
  login: 1419649878985
  lastteleport: 1419650048812
  logout: 1419650076837
ipAddress: 174.48.212.69
lastlocation:
  world: spawn
  x: 0.5858043889557007
  y: 32.0
  z: -2.8454767989521628
  yaw: 1.6480713
  pitch: 1.9499685
logoutlocation:
  world: spawn
  x: 0.9822545061698591
  y: 107.0
  z: -244.7549014080389
  yaw: 102.89863
  pitch: 10.799995
money: '30.0'
lastAccountName: annahiba
