timestamps:
  lastteleport: 1416401010856
  logout: 1416401014979
lastlocation:
  world: spawn
  x: 2.1551544287477467
  y: 34.0
  z: 8.827196500303968
  yaw: -356.40082
  pitch: -26.399994
logoutlocation:
  world: spawn
  x: -1.4649593032739439
  y: 34.0
  z: -25.87984202703134
  yaw: -105.45075
  pitch: 7.9500003
money: '30.0'
lastAccountName: igonarule
