lastAccountName: oliverkopsen
timestamps:
  login: 1423070896816
  lastteleport: 1423070969256
  kits:
    novice: 1422359655344
    adept: 1422362686670
  logout: 1423071074156
ipAddress: 77.68.251.127
lastlocation:
  world: spawn
  x: 10.512070476829487
  y: 123.0
  z: -254.668198072076
  yaw: 11.650571
  pitch: 10.500032
logoutlocation:
  world: mines
  x: 241.62016218264296
  y: 48.0
  z: -14.470677835449363
  yaw: 255.30614
  pitch: 89.1
money: '19057.420108695653'
