uuid: a6fa5cf1-f748-4a61-8e67-46ffc9cca9ef
timestamps:
  login: 1417791385261
  lastteleport: 1417792181822
  kits:
    novice: 1417791496512
    color: 1417791995646
  logout: 1417792207323
ipAddress: 96.18.251.19
lastlocation:
  world: spawn
  x: 2.2444332563616483
  y: 30.0
  z: -6.14072601166417
  yaw: -341.40048
  pitch: 9.000016
logoutlocation:
  world: spawn
  x: -7.600044385790063
  y: 33.0
  z: -25.59516959869468
  yaw: -148.50063
  pitch: 3.149991
money: '10.0'
lastAccountName: awsomeguy1111
