lastAccountName: umamii
timestamps:
  login: 1422866413456
  logout: 1422866465967
ipAddress: 118.233.82.210
logoutlocation:
  world: spawn
  x: 14.461826923640048
  y: 81.5
  z: -1237.536211174398
  yaw: 88.0264
  pitch: 29.699999
money: '30.0'
