lastAccountName: Redmenx21
timestamps:
  login: 1423344817331
  lastteleport: 1423344862473
  kits:
    novice: 1423172967720
    pvp: 1423157124432
    color: 1423157133983
    adept: 1423172958119
  logout: 1423345104797
ipAddress: 100.0.65.119
lastlocation:
  world: spawn
  x: 2.3946988694809312
  y: 123.0625
  z: -244.36160641475647
  yaw: 100.45001
  pitch: -10.799993
money: '202048.4402536231'
logoutlocation:
  world: mines
  x: 327.30000001192093
  y: 72.0
  z: -11.12846243104097
  yaw: 142.5025
  pitch: 11.550003
