lastAccountName: kikimc12
timestamps:
  login: 1424234074210
  lastteleport: 1424235864727
  logout: 1424235958229
  kits:
    pvp: 1424233774263
    color: 1424233796561
    adept: 1424233724903
ipAddress: 97.113.40.199
lastlocation:
  world: plotworld
  x: 60.740462767514195
  y: 65.5
  z: -237.55665391187756
  yaw: 112.65661
  pitch: 19.050009
logoutlocation:
  world: plotworld
  x: 43.7061026647568
  y: 65.5
  z: -97.76249998807907
  yaw: -182.70006
  pitch: 34.649986
money: '677540.27'
