lastAccountName: pockyback123
timestamps:
  login: 1420480628581
  logout: 1420480653478
ipAddress: 173.23.164.19
logoutlocation:
  world: spawn
  x: 9.513947726493175
  y: 82.0
  z: -1235.7935706596286
  yaw: -128.72357
  pitch: -9.300024
money: '30.0'
