lastAccountName: louie1814
timestamps:
  login: 1424545112622
  logout: 1424545116533
ipAddress: 96.25.50.189
logoutlocation:
  world: spawn
  x: 14.461826923640048
  y: 81.5
  z: -1237.536211174398
  yaw: 42.83699
  pitch: 10.669164
money: '30.0'
