uuid: a83d6ce0-b5ea-410e-8e69-2db14fa66bd6
timestamps:
  login: 1423244034178
  logout: 1423244439350
  lastteleport: 1423244371408
  kits:
    pvp: 1419459233917
    novice: 1420062966504
    color: 1419788729712
    alpha: 1417563313325
    changelog: 1419431475950
    adept: 1422570850016
    stoner: 1417563471109
ipAddress: 74.134.219.173
logoutlocation:
  world: spawn
  x: 10.395437647568112
  y: 125.91972996273566
  z: -246.10942424585625
  yaw: -116.29971
  pitch: 37.94998
lastlocation:
  world: spawn
  x: 4.652954560046163
  y: 39.846498451412394
  z: -7.055665764082658
  yaw: -71.40056
  pitch: 72.75
godmode: false
money: '605302.0083246375'
nickname: ยง1bjhanner
afk: false
lastAccountName: bjhanner
