uuid: a8a059d2-aaeb-4e0b-b13d-93d65ea88325
timestamps:
  login: 1417804455925
  lastteleport: 1417805953250
  kits:
    novice: 1417804799175
  logout: 1417805974502
ipAddress: 23.17.60.171
lastlocation:
  world: mines
  x: 45.30000001192093
  y: 48.0
  z: -8.577435738372674
  yaw: 100.65256
  pitch: 22.049984
money: '250.90999999999997'
logoutlocation:
  world: mines
  x: 45.13190040725829
  y: 63.0
  z: -17.564191097522617
  yaw: 191.85258
  pitch: 0.29999954
lastAccountName: lionle10
