lastAccountName: ProjectN0vA
timestamps:
  login: 1422974025908
  lastteleport: 1422974173671
  logout: 1422974210342
ipAddress: 78.185.18.55
lastlocation:
  world: spawn
  x: 0.4615187968553535
  y: 29.5
  z: 53.962375226573634
  yaw: 348.64035
  pitch: 33.118797
money: '50030.0'
logoutlocation:
  world: spawn
  x: 17.709946064387466
  y: 36.0
  z: -7.128936782032926
  yaw: -212.76076
  pitch: 51.90721
