lastAccountName: xXToxic_PeanutXx
timestamps:
  login: 1422823961923
  lastteleport: 1422824547747
  kits:
    novice: 1422824056419
    pvp: 1422824036965
  logout: 1422824553598
ipAddress: 2.27.96.70
lastlocation:
  world: mines
  x: -8.544111751952867
  y: 63.0
  z: -17.568435114848786
  yaw: -185.24744
  pitch: -11.549981
logoutlocation:
  world: mines
  x: 710.3000000119209
  y: 56.0
  z: -6.920887979655708
  yaw: 150.90742
  pitch: 24.44998
money: '391.5'
