lastAccountName: Chaoticals
timestamps:
  login: 1422756626973
  lastteleport: 1422742941972
  logout: 1422756685409
  kits:
    adept: 1422741586992
ipAddress: 72.234.198.184
lastlocation:
  world: spawn
  x: 1.912765942007151
  y: 123.5
  z: -242.7520042868436
  yaw: 90.100075
  pitch: 0.90000224
logoutlocation:
  world: mines
  x: 328.58997955638915
  y: 66.0
  z: -11.699999988079071
  yaw: -228.44745
  pitch: 19.050001
money: '151408.6325'
