lastAccountName: awh13
timestamps:
  login: 1422657753792
  lastteleport: 1422494102212
  kits:
    pvp: 1422494089660
    novice: 1422494070505
    color: 1422494095295
    adept: 1422494079126
  logout: 1422657866482
ipAddress: 74.194.77.178
money: '21563.0'
lastlocation:
  world: mines
  x: 43.058794904494
  y: 63.0
  z: -4.266636321428512
  yaw: 208.00342
  pitch: 0.57119787
logoutlocation:
  world: mines
  x: 663.0744063295867
  y: 67.0
  z: -15.923897399772981
  yaw: -267.58545
  pitch: 14.684687
