uuid: a9ea79c6-0862-4435-9572-c91a5854841f
timestamps:
  login: 1424494965707
  lastteleport: 1424069559315
  kits:
    pvp: 1420173998603
    novice: 1420173994129
  logout: 1424495004622
ipAddress: 14.201.229.86
lastlocation:
  world: parkour
  x: -20.05594186891694
  y: 84.0
  z: -33.58801881469194
  yaw: -106.96014
  pitch: 10.397085
money: '87.99000000000001'
logoutlocation:
  world: parkour
  x: -27.719804224361145
  y: 83.0
  z: -32.73924532469131
  yaw: -90.0
  pitch: -3.4275665
lastAccountName: AsianQueen
