lastAccountName: Mejer04
timestamps:
  login: 1421418388388
  logout: 1421418432379
ipAddress: 83.233.107.236
logoutlocation:
  world: spawn
  x: 14.556223701308163
  y: 81.5
  z: -1237.7080155135327
  yaw: -293.89426
  pitch: 61.41857
money: '30.0'
