uuid: aabf87d6-6656-4932-a0d6-4ed4518eea48
timestamps:
  login: 1418468917970
  lastteleport: 1416405964550
  logout: 1418468960621
ipAddress: 89.15.132.69
lastlocation:
  world: spawn
  x: -0.7817533170672805
  y: 34.0
  z: 6.481102693586266
  yaw: -150.15332
  pitch: -34.05002
logoutlocation:
  world: spawn
  x: 7.42944803894185
  y: 33.0
  z: -28.048350131908983
  yaw: -339.8979
  pitch: 6.900009
money: '30.0'
lastAccountName: borism2002
