lastAccountName: dyl4303
timestamps:
  login: 1423359048838
  lastteleport: 1423359139101
  kits:
    novice: 1423338551481
  logout: 1423359165481
ipAddress: 100.0.65.119
lastlocation:
  world: world_the_end
  x: -84.1299855123764
  y: 37.0
  z: 10.320067399617532
  yaw: 316.49875
  pitch: 14.249991
logoutlocation:
  world: mines
  x: 185.5830713626281
  y: 58.0
  z: -9.294204659488159
  yaw: -229.94696
  pitch: 16.95
money: '1303717.3992391303'
