lastAccountName: epic_crafter_123
timestamps:
  login: 1423353739758
  lastteleport: 1423353846439
  logout: 1423353938742
ipAddress: 67.55.182.13
lastlocation:
  world: spawn
  x: 17.251858260924774
  y: 36.0
  z: -6.553417321643792
  yaw: 90.75285
  pitch: -3.450028
logoutlocation:
  world: spawn
  x: -21.059419203161283
  y: 35.0
  z: -5.6598922389852335
  yaw: 90.29913
  pitch: 5.850023
money: '84.0'
