uuid: ab9abc58-db6b-4316-91a5-9e34e85402b7
timestamps:
  login: 1419884646732
  logout: 1419884701688
ipAddress: 72.241.37.128
logoutlocation:
  world: spawn
  x: 14.270931418083702
  y: 81.0
  z: -1223.5726085377391
  yaw: 3.6244507
  pitch: 1.1360061
money: '30.0'
lastAccountName: 42shyguy
