uuid: abcfc713-a585-46ed-b2de-009d7ed7dc2a
timestamps:
  login: 1417401534367
  lastteleport: 1417402894795
  kits:
    color: 1417402744262
    alpha: 1417401630441
  logout: 1417402928303
ipAddress: 75.156.175.91
lastlocation:
  world: spawn
  x: 0.12244611789120101
  y: 55.0
  z: 1.283975989472625
  yaw: -345.74896
  pitch: 27.000013
logoutlocation:
  world: spawn
  x: -5.127938382274321
  y: 33.0
  z: -36.99343240290354
  yaw: -241.95032
  pitch: 28.050022
money: '21.0'
lastAccountName: thelims
