lastAccountName: AbuDabu94
timestamps:
  login: 1423169662380
  lastteleport: 1422201712438
  kits:
    expert: 1421951437463
    pvp: 1421514350368
    novice: 1420917315492
    color: 1420987168125
    adept: 1421343380763
  logout: 1423169674872
  jail: 0
ipAddress: 86.10.43.244
lastlocation:
  world: mines
  x: -16.553826953419644
  y: 63.0
  z: -14.168657452766958
  yaw: -12.747528
  pitch: 5.70001
money: '0.0'
logoutlocation:
  world: free
  x: -361.74720557921154
  y: 70.0
  z: -3269.3430830550046
  yaw: 234.6007
  pitch: 17.699993
jailed: false
afk: false
godmode: false
socialspy: true
homes:
  home:
    world: free
    x: -352.3962391558166
    y: 70.0
    z: -3278.915012456277
    yaw: 358.6509
    pitch: 6.750052
