uuid: ac11cfa5-dc77-4a31-a578-89e6c3f53eb7
timestamps:
  login: 1419303550256
  lastteleport: 1419296975649
  kits:
    pvp: 1419296466623
    novice: 1419296454470
  logout: 1419303566325
ipAddress: 98.161.51.4
lastlocation:
  world: spawn
  x: -21.395243325063596
  y: 35.0
  z: -4.360630781093863
  yaw: 69.79129
  pitch: 16.807167
logoutlocation:
  world: spawn
  x: 0.6320225147714542
  y: 55.0
  z: 6.0246994860184575
  yaw: -181.03183
  pitch: 30.701643
money: '20.0'
lastAccountName: jareddunning
