uuid: ac15e289-9825-42ee-afa1-0cc2014044dc
timestamps:
  login: 1423678005289
  lastteleport: 1423678266932
  kits:
    novice: 1417738284227
    pvp: 1418345333486
    color: 1417739459206
    adept: 1418435680941
  logout: 1423678457348
ipAddress: 208.93.189.242
lastlocation:
  world: mines
  x: 271.69999998807907
  y: 55.0
  z: -12.999177656002814
  yaw: -62.098022
  pitch: 14.549977
money: '50086.19326086954'
logoutlocation:
  world: mines
  x: 241.1975223846763
  y: 63.0
  z: -16.200526251929244
  yaw: -218.54716
  pitch: 15.899984
afk: false
lastAccountName: IGONECRAZYYY189
