lastAccountName: Minecraft_Man86
timestamps:
  login: 1424443387272
  lastteleport: 1424443911888
  logout: 1424443975476
ipAddress: 71.67.134.141
lastlocation:
  world: spawn
  x: -1.1574077101898372
  y: 26.0
  z: -8.365287560049047
  yaw: -13.50046
  pitch: -87.75002
logoutlocation:
  world: spawn
  x: 3.7268186418067035
  y: 40.0
  z: -1990.6434740874713
  yaw: -16.691399
  pitch: 15.149976
money: '30.0'
