lastAccountName: _Green_Force_
timestamps:
  login: 1422712819224
  lastteleport: 1422713219915
  logout: 1422713276951
ipAddress: 84.211.131.0
lastlocation:
  world: mines
  x: 137.91617587822054
  y: 58.0
  z: -2.403972861794916
  yaw: -22.797892
  pitch: -19.799963
money: '2085.5284782608696'
logoutlocation:
  world: spawn
  x: 12.218840780565015
  y: 114.0
  z: -757.5115930037286
  yaw: 164.95299
  pitch: 23.999973
