lastAccountName: noahgentry8
timestamps:
  login: 1423294350274
  lastteleport: 1423294593153
  kits:
    novice: 1421376544994
  logout: 1423295998031
ipAddress: 99.17.34.38
lastlocation:
  world: plotworld
  x: 3.5558445776328336
  y: 67.0
  z: 52.09113369205251
  yaw: 291.46335
  pitch: 26.653854
money: '1621.76'
logoutlocation:
  world: world_the_end
  x: -84.7355027096903
  y: 38.0
  z: 10.051354066271026
  yaw: 250.10901
  pitch: 9.331265
