uuid: ae133413-3e13-4063-bce6-525a9415a349
timestamps:
  login: 1419756340535
  lastteleport: 1419756461388
  logout: 1419756660332
ipAddress: 93.129.13.89
lastlocation:
  world: spawn
  x: 0.5186040497000936
  y: 29.0
  z: 53.07513446707115
  yaw: 0.17266476
  pitch: 0.10418396
logoutlocation:
  world: spawn
  x: -2.04964059325693
  y: 32.0
  z: -9.651176376575217
  yaw: -14.091431
  pitch: 28.956572
money: '30.0'
lastAccountName: gamer25042004
