uuid: ae244d45-b9b9-40cd-8aff-036f83ed0b69
timestamps:
  login: 1419502020480
  lastteleport: 1419502370550
  logout: 1419502408892
ipAddress: 86.147.221.240
lastlocation:
  world: mines
  x: 161.69999998807907
  y: 61.0
  z: -14.699999988079075
  yaw: -90.598595
  pitch: 55.350014
money: '8047.173913043478'
logoutlocation:
  world: mines
  x: 159.32630751434502
  y: 64.0
  z: -3.8850361879235393
  yaw: -130.34714
  pitch: 55.950016
lastAccountName: lukeandjamie
