lastAccountName: Diaxy
timestamps:
  login: 1423313834334
  lastteleport: 1423314371189
  kits:
    color: 1423311966381
  logout: 1423314388392
ipAddress: 213.66.80.81
lastlocation:
  world: mines
  x: 295.30000001192093
  y: 52.0
  z: -7.987189029678516
  yaw: 50.99341
  pitch: 62.730392
logoutlocation:
  world: mines
  x: 292.67553978892283
  y: 73.0
  z: -9.698662383147159
  yaw: 94.756
  pitch: 14.209906
money: '76944.09307971012'
