uuid: aea0d887-34b3-4218-942e-a0d25de88790
timestamps:
  login: 1416428904613
  lastteleport: 1416429086577
  kits:
    alpha: 1416429413885
  logout: 1416429522107
ipAddress: 94.194.106.185
lastlocation:
  world: spawn
  x: 0.40370224990519565
  y: 37.0
  z: -9.159925626494912
  yaw: -326.80554
  pitch: -42.102505
money: '73.2258064516129'
logoutlocation:
  world: spawn
  x: 4.493284485608452
  y: 33.0
  z: -38.28096106761517
  yaw: -178.50757
  pitch: -88.85958
lastAccountName: aaron_bloom
