uuid: b0029a3c-e9b1-43fe-bdf6-e2023d85cfb7
timestamps:
  login: 1420173807361
  lastteleport: 1420174077389
  logout: 1420174292069
ipAddress: 50.184.200.237
lastlocation:
  world: spawn
  x: 17.003196634171303
  y: 78.0
  z: -256.9327221414146
  yaw: 112.03025
  pitch: 25.049995
logoutlocation:
  world: spawn
  x: -0.699999988079071
  y: 94.25001421423045
  z: 16.69999998807907
  yaw: 46.65053
  pitch: 58.500023
money: '84.69'
lastAccountName: x_unique_x
