lastAccountName: Purezenonia
timestamps:
  login: 1421711731254
  logout: 1421711741206
ipAddress: 96.244.3.113
logoutlocation:
  world: spawn
  x: 13.866800641988686
  y: 82.0
  z: -1241.8817559495844
  yaw: 40.32642
  pitch: 9.899991
money: '30.0'
