uuid: b0cffd6f-a849-4d1f-a9a2-f052098e6d74
timestamps:
  login: 1416490427627
  lastteleport: 1416490703566
  kits:
    alpha: 1416390771980
  logout: 1416490775718
ipAddress: 124.180.217.122
lastlocation:
  world: spawn
  x: -1.5742241382126234
  y: 55.0
  z: -0.5024660687598652
  yaw: 348.75122
  pitch: 19.499998
money: '31.734375'
logoutlocation:
  world: spawn
  x: 18.64921782929496
  y: 35.0
  z: -6.217570936039925
  yaw: -98.85066
  pitch: 11.849992
lastAccountName: infinate_galaxy
