lastAccountName: Victor_MP
timestamps:
  login: 1422547740986
  logout: 1422547852570
ipAddress: 131.164.146.114
logoutlocation:
  world: spawn
  x: 0.5834931965219099
  y: 34.0
  z: 12.309568436616178
  yaw: -37.499985
  pitch: 46.49999
money: '30.0'
