uuid: b1bdb5ac-156b-4407-82d6-fe00d181b556
timestamps:
  login: 1419908420912
  lastteleport: 1419908555650
  logout: 1419908733277
ipAddress: 98.219.59.59
lastlocation:
  world: spawn
  x: 0.4712792589085724
  y: 29.0
  z: 53.099514045648064
  yaw: -0.3005108
  pitch: 5.700009
logoutlocation:
  world: spawn
  x: 2.6999999880790715
  y: 29.0
  z: -9.61751874367453
  yaw: 344.84857
  pitch: 20.249998
money: '30.0'
lastAccountName: goldenchild499
