timestamps:
  kits:
    color: 1417034886819
    alpha: 1417035375525
  lastteleport: 1417827666686
  logout: 1417828420251
  login: 1417827571401
lastlocation:
  world: mines
  x: 108.13905333700589
  y: 63.0
  z: -3.3482264393603636
  yaw: 269.07263
  pitch: 3.1426625
money: '30.0'
logoutlocation:
  world: spawn
  x: 10.122733205285051
  y: 107.0
  z: -244.64983751515965
  yaw: 37.546265
  pitch: 17.549942
uuid: b2278870-4546-47b2-85cb-865a7d62eef5
ipAddress: 71.205.161.110
lastAccountName: justin71302
