uuid: b28c548d-82b5-4761-bbeb-e1fe73b47d87
timestamps:
  login: 1419893105011
  lastteleport: 1419893180352
  logout: 1419893220048
ipAddress: 50.148.248.160
lastlocation:
  world: spawn
  x: 17.60776265351249
  y: 106.0
  z: -247.42222923848803
  yaw: -190.9511
  pitch: 13.6500845
logoutlocation:
  world: spawn
  x: -0.2079135185057953
  y: 37.0625
  z: -7.925789133615682
  yaw: -241.50073
  pitch: 11.549973
money: '30.0'
lastAccountName: thesittingman
