uuid: b2efa8ca-bdfe-46f0-a784-3d3c9c3d8c1e
timestamps:
  login: 1416368815748
  lastteleport: 1416368863566
  logout: 1416368867614
ipAddress: 50.126.219.161
lastlocation:
  world: spawn
  x: 0.4270955583970203
  y: 34.0
  z: 7.848726919774695
  yaw: -174.4504
  pitch: -17.699991
logoutlocation:
  world: spawn
  x: 16.861582034474083
  y: 36.0
  z: -6.561000218184301
  yaw: 86.40274
  pitch: 6.599976
money: '30.0'
lastAccountName: devon301
