lastAccountName: Hades_NowPissOff
timestamps:
  login: 1420415103097
  logout: 1420415176595
ipAddress: 5.107.147.9
logoutlocation:
  world: spawn
  x: 19.30000001192094
  y: 82.0
  z: -1239.660362127517
  yaw: 40.9263
  pitch: 1.8000093
money: '30.0'
