lastAccountName: Xx_iiGoDLiiKe_xX
timestamps:
  login: 1423898494801
  lastteleport: 1423898622672
  kits:
    novice: 1423898613970
    color: 1423898635324
    adept: 1423898606468
  logout: 1423898750180
ipAddress: 210.246.43.168
money: '30955.0'
lastlocation:
  world: spawn
  x: 0.07416106008047055
  y: 29.0
  z: 24.531256157710416
  yaw: 345.14954
  pitch: 17.550005
logoutlocation:
  world: spawn
  x: -15.093661950347311
  y: 87.0
  z: -1224.652820833613
  yaw: -119.273056
  pitch: 36.449966
