lastAccountName: MOBINxBAYAREA
timestamps:
  login: 1420674620560
  lastteleport: 1420674656540
  logout: 1420675047316
ipAddress: 74.100.59.48
lastlocation:
  world: spawn
  x: 13.513196168531291
  y: 81.0
  z: -1256.3380720407195
  yaw: -180.47365
  pitch: 13.799998
money: '98955.0'
logoutlocation:
  world: spawn
  x: 0.3277660657273107
  y: 29.0
  z: 46.57405286018564
  yaw: -359.85046
  pitch: 3.0000095
