uuid: b4d94f6a-b97e-4b25-bba2-9090d82c3fb8
timestamps:
  login: 1416383884439
  lastteleport: 1416383989400
  kits:
    alpha: 1416384008616
  logout: 1416384047907
ipAddress: 115.64.75.119
lastlocation:
  world: spawn
  x: 0.009218407095812564
  y: 34.0
  z: 7.254285025143653
  yaw: -174.19745
  pitch: -21.17799
logoutlocation:
  world: spawn
  x: -0.24256364393162297
  y: 36.0
  z: -20.251511910572354
  yaw: 0.1697998
  pitch: 10.11131
money: '30.0'
lastAccountName: tysonparker
