uuid: b62d6487-d30e-451f-9be4-252cb10540d8
timestamps:
  login: 1415900199921
  lastteleport: 1415900337280
  kits:
    alpha: 1415900370799
  logout: 1415900625528
ipAddress: 2.223.243.225
lastlocation:
  world: spawn
  x: 0.18738506799455334
  y: 34.0
  z: 6.553675021167221
  yaw: -174.00035
  pitch: -25.649998
money: '35.0'
logoutlocation:
  world: spawn
  x: -6.221459793893485
  y: 33.0
  z: -29.505470142421753
  yaw: 67.64807
  pitch: 22.200092
lastAccountName: kuba_6449
