lastAccountName: TruffleMint
timestamps:
  login: 1423663588753
  lastteleport: 1423663713429
  kits:
    novice: 1423638438975
  logout: 1423663724529
ipAddress: 111.68.38.141
lastlocation:
  world: spawn
  x: 7.258889815343297
  y: 55.0
  z: 6.459448148483878
  yaw: -337.04837
  pitch: 8.849997
logoutlocation:
  world: spawn
  x: -18.5
  y: 35.0
  z: -6.5
  yaw: -83.70053
  pitch: 2.9999907
money: '3.75'
