lastAccountName: xXEPIC77Xx
timestamps:
  login: 1423851345045
  lastteleport: 1423174433291
  kits:
    pvp: 1421288833669
    novice: 1420824286107
    color: 1421290725249
    adept: 1421107640322
  logout: 1423851356051
ipAddress: 23.28.0.57
lastlocation:
  world: spawn
  x: 6.848009538697758
  y: 82.0
  z: -1237.4202676264686
  yaw: 88.6269
  pitch: 2.9999733
money: '718432.7068840583'
logoutlocation:
  world: spawn
  x: 4.592780258486527
  y: 74.0
  z: -237.0716029964566
  yaw: 239.52992
  pitch: 5.399954
