lastAccountName: FalconGiel
timestamps:
  login: 1421849279705
  lastteleport: 1421851214598
  kits:
    pvp: 1421849404219
    novice: 1421849392267
  logout: 1421851414580
ipAddress: 62.194.225.99
lastlocation:
  world: spawn
  x: 39.33747260682911
  y: 81.5
  z: -1237.4689237769808
  yaw: -93.19869
  pitch: -5.839963
logoutlocation:
  world: world_the_end
  x: 60.175319126080986
  y: 59.0
  z: -37.67119950534591
  yaw: 40.813572
  pitch: 35.788567
money: '2100.9500000000007'
