timestamps:
  lastteleport: 1416427064016
  kits:
    alpha: 1416426908306
  logout: 1416427268342
lastlocation:
  world: spawn
  x: 1.0064377332413574
  y: 37.0
  z: -13.536929740717117
  yaw: -3.6006165
  pitch: 26.699991
money: '25.0'
logoutlocation:
  world: spawn
  x: -1.6509887699769736
  y: 34.0
  z: 18.695395688968492
  yaw: -334.35043
  pitch: 66.150024
lastAccountName: creepercrewhd24
