lastAccountName: Hitting_pk98
timestamps:
  login: 1422551401895
  logout: 1422551470434
ipAddress: 94.210.13.114
money: '130.0'
logoutlocation:
  world: spawn
  x: 0.30455621739383787
  y: 29.0
  z: 16.69999998807907
  yaw: 2.6226044E-7
  pitch: 6.655478
