uuid: b87bf6bd-7278-4c91-813a-5a3f28b5ecea
timestamps:
  login: 1419084338108
  lastteleport: 1419084450340
  logout: 1419084463888
ipAddress: 86.14.181.131
lastlocation:
  world: spawn
  x: 12.075418555691517
  y: 106.0
  z: -252.45546984760327
  yaw: -218.10114
  pitch: -1.7999412
logoutlocation:
  world: spawn
  x: 0.27600719319958444
  y: 32.0
  z: -2.9770873120052186
  yaw: -224.55054
  pitch: 42.899956
money: '30.0'
lastAccountName: rag3_x_masters
