lastAccountName: expertkid
timestamps:
  login: 1420596741354
  logout: 1420596787673
ipAddress: 142.161.139.109
logoutlocation:
  world: spawn
  x: 2.455934618511344
  y: 33.0
  z: 14.473105109091632
  yaw: 188.25487
  pitch: 20.643
money: '30.0'
