uuid: b9073c68-e33c-4dc7-9f2f-4887388ef891
timestamps:
  login: 1419869849190
  lastteleport: 1419870253132
  logout: 1419870278982
ipAddress: 166.172.191.135
lastlocation:
  world: spawn
  x: 10.810852925979857
  y: 106.0
  z: -253.0842132109697
  yaw: 173.5488
  pitch: 14.10007
logoutlocation:
  world: spawn
  x: 0.45608436098336824
  y: 36.0
  z: -20.030506830431825
  yaw: 171.89946
  pitch: 24.599995
money: '15.0'
lastAccountName: thedictater
