lastAccountName: n8777
timestamps:
  login: 1423906477589
  lastteleport: 1423907143701
  logout: 1423907257013
ipAddress: 125.254.60.195
lastlocation:
  world: spawn
  x: -21.398208588842163
  y: 35.0
  z: -6.665982216541511
  yaw: -91.803444
  pitch: 2.6020246
logoutlocation:
  world: spawn
  x: 6.554327184412316
  y: 55.0
  z: 4.337902063490995
  yaw: -359.7784
  pitch: 42.817337
money: '124.32'
