timestamps:
  lastteleport: 1418341459680
  kits:
    novice: 1418341127862
    pvp: 1418258553641
  logout: 1418427832840
  login: 1418427820326
lastlocation:
  world: mines
  x: 123.4732933357786
  y: 63.0
  z: -13.467802247324114
  yaw: -87.14744
  pitch: 18.000013
godmode: false
logoutlocation:
  world: mines
  x: 153.94684760826263
  y: 63.0
  z: -5.115581174017692
  yaw: -163.19832
  pitch: 28.350018
money: '104407.32769230769'
uuid: b943e51a-cbe8-4047-b923-fe932a4609a5
ipAddress: 71.237.109.140
lastAccountName: tj257
