uuid: b9cae252-48b0-441e-923a-3a458c0ccb23
timestamps:
  login: 1419426198511
  lastteleport: 1419426430263
  kits:
    novice: 1419426449078
  logout: 1419426477145
ipAddress: 80.254.43.40
lastlocation:
  world: spawn
  x: 16.88339708300238
  y: 82.0
  z: -1236.570481708328
  yaw: 53.076473
  pitch: -7.199994
logoutlocation:
  world: spawn
  x: 0.6723066947306506
  y: 29.0
  z: 52.318193260642346
  yaw: -2.1005125
  pitch: 13.649996
money: '30.0'
lastAccountName: kryso15
