uuid: b9f00b5e-1b4f-4bc9-b997-35fc933a28e8
timestamps:
  login: 1420000691412
  lastteleport: 1420002053172
  kits:
    pvp: 1419835485783
    adept: 1420001447745
  logout: 1420002200088
ipAddress: 202.188.211.19
lastlocation:
  world: spawn
  x: -20.717842615429873
  y: 35.0
  z: -7.846515760575736
  yaw: 257.2494
  pitch: 46.799995
logoutlocation:
  world: mines
  x: 184.59513621417264
  y: 58.0
  z: -6.737280847448148
  yaw: -194.54584
  pitch: 41.10005
money: '1759.0603260869566'
lastAccountName: dragonking1092
