lastAccountName: KillOrDi3
timestamps:
  login: 1422283291393
  logout: 1422283299852
ipAddress: 46.12.0.99
logoutlocation:
  world: spawn
  x: -5.01722985667284
  y: 80.5
  z: -1237.4415575446487
  yaw: 93.8764
  pitch: -1.950001
money: '30.0'
