lastAccountName: 8blackrose2
timestamps:
  login: 1422305700830
  lastteleport: 1422306090653
  kits:
    novice: 1422305867543
  logout: 1422306488940
ipAddress: 92.234.137.103
lastlocation:
  world: spawn
  x: 17.111652009496588
  y: 107.0
  z: -238.25842905148735
  yaw: -13.351624
  pitch: 16.350061
logoutlocation:
  world: plotworld
  x: -55.8207763961842
  y: 65.0
  z: -92.69625916288456
  yaw: -3.150116
  pitch: 21.450012
money: '30.0'
