lastAccountName: AmesDevlin
timestamps:
  login: 1422211281881
  logout: 1422211428415
  lastteleport: 1422211351052
ipAddress: 2.223.86.80
logoutlocation:
  world: spawn
  x: 5.32925109180507
  y: 82.0
  z: -1237.573505090415
  yaw: 91.32692
  pitch: 5.399974
lastlocation:
  world: spawn
  x: 0.5
  y: 29.0
  z: 20.5
  yaw: 287.99918
  pitch: -61.05
money: '31.5'
