uuid: bbc10f6e-97de-4273-ada2-655f7f8f8ddf
timestamps:
  login: 1420043197451
  lastteleport: 1418840827837
  kits:
    pvp: 1418840769111
    novice: 1418840750008
    color: 1418840765360
    alpha: 1417359850248
    adept: 1418840743304
    stoner: 1417359855399
  logout: 1420043222456
ipAddress: 82.217.141.34
lastlocation:
  world: mines
  x: 211.60965536359782
  y: 64.0
  z: -16.550140176710244
  yaw: -24.439146
  pitch: -4.199987
money: '174.0'
logoutlocation:
  world: mines
  x: 216.59726125962575
  y: 61.0
  z: -11.500954302735675
  yaw: 29.294373
  pitch: 20.909664
afk: false
nickname: ThePrisonMc
lastAccountName: ttgoslin
