lastAccountName: moggostory
timestamps:
  login: 1424437725686
  lastteleport: 1424438041975
  logout: 1424438877614
ipAddress: 42.60.156.144
lastlocation:
  world: parkour
  x: -32.96734416000987
  y: 80.0
  z: -33.66569958905043
  yaw: -181.15
  pitch: -0.15
logoutlocation:
  world: parkour
  x: 45.88341227974214
  y: 85.0
  z: -42.902393615443806
  yaw: -235.95001
  pitch: 8.95
money: '30.0'
