uuid: bd497058-046d-4903-8c62-83ac31d048e0
timestamps:
  login: 1417901703008
  lastteleport: 1417902262158
  logout: 1417902385363
ipAddress: 86.19.101.163
lastlocation:
  world: spawn
  x: 0.6326832809632847
  y: 29.0
  z: 52.63793063691184
  yaw: 359.73654
  pitch: 1.0191965
logoutlocation:
  world: spawn
  x: 3.48495090381922
  y: 106.5
  z: -235.3673895616477
  yaw: 133.75113
  pitch: 15.434538
money: '30788.0'
lastAccountName: browney69
