lastAccountName: NatKayz
timestamps:
  login: 1422465751769
  logout: 1422465768458
ipAddress: 142.237.97.196
logoutlocation:
  world: spawn
  x: 14.188832914980317
  y: 81.5
  z: -1236.5275670275146
  yaw: 88.926476
  pitch: 3.4500072
money: '30.0'
