lastAccountName: Sagecool85
timestamps:
  login: 1420914680693
  lastteleport: 1420648838052
  logout: 1420914687342
ipAddress: 173.81.67.42
lastlocation:
  world: plotworld
  x: -10.699999988079067
  y: 68.0
  z: 10.088964626478797
  yaw: 223.20029
  pitch: -8.850029
money: '2426.23'
logoutlocation:
  world: plotworld
  x: -9.652196911973869
  y: 68.0
  z: 11.699999988079064
  yaw: -166.80063
  pitch: 15.150002
