timestamps:
  lastteleport: 1418340888983
  kits:
    pvp: 1418340545899
  logout: 1418342292860
lastlocation:
  world: spawn
  x: 1.3136609884424144
  y: 37.0
  z: -6.500511024481319
  yaw: -188.69977
  pitch: 8.399959
money: '191.5'
logoutlocation:
  world: spawn
  x: 2.247268518560994
  y: 33.0
  z: -31.230364030309484
  yaw: -128.24548
  pitch: 8.850032
lastAccountName: okapilover123
