uuid: be5a1e9e-338c-4986-a28d-f74d9468ee24
timestamps:
  login: 1419993715888
  lastteleport: 1419994127586
  kits:
    novice: 1419993799385
  logout: 1419994188148
ipAddress: 108.194.173.37
lastlocation:
  world: spawn
  x: 1.4434238739578484
  y: 107.0
  z: -246.20990422495998
  yaw: 107.24883
  pitch: 2.700071
money: '9.0'
logoutlocation:
  world: spawn
  x: 6.585196787441497
  y: 55.0
  z: -5.0497556367325735
  yaw: 20.551392
  pitch: -14.400001
lastAccountName: lejokey
