lastAccountName: jussjack
timestamps:
  login: 1421726397767
  logout: 1421726665405
ipAddress: 67.186.199.199
logoutlocation:
  world: spawn
  x: 0.8567501306774421
  y: 34.0
  z: 5.300000011920927
  yaw: 32.399582
  pitch: 8.550017
money: '30.0'
