lastAccountName: thebigg12130667
timestamps:
  login: 1422033813994
  lastteleport: 1422033954865
  logout: 1422033986245
ipAddress: 81.241.119.208
lastlocation:
  world: spawn
  x: 20.974063381547044
  y: 106.0
  z: -242.54283991586811
  yaw: 271.84683
  pitch: 16.742474
logoutlocation:
  world: spawn
  x: -16.55814481096738
  y: 36.0
  z: -6.983869966630285
  yaw: -117.520195
  pitch: 36.670788
money: '40.0'
