uuid: c0166b63-30d7-4caa-aec7-34149f33176c
timestamps:
  login: 1419785578744
  lastteleport: 1419785835513
  kits:
    pvp: 1419785717725
    novice: 1419785708530
  logout: 1419785886811
ipAddress: 67.182.173.252
lastlocation:
  world: spawn
  x: 17.952461339814683
  y: 106.5
  z: -238.52013009039786
  yaw: -18.601114
  pitch: 14.10007
logoutlocation:
  world: spawn
  x: 8.448169672057238
  y: 33.0
  z: -32.808029123849224
  yaw: -114.00073
  pitch: 37.799934
money: '30.0'
lastAccountName: megason12
