uuid: c04827c6-9ca6-4f1b-b389-7587dff7ac86
timestamps:
  login: 1420996072994
  lastteleport: 1420996135588
  kits:
    novice: 1419454947535
  logout: 1420996159362
ipAddress: 24.186.108.25
lastlocation:
  world: spawn
  x: 20.432535452650058
  y: 106.0
  z: -245.59266202380456
  yaw: 95.60482
  pitch: 18.253002
money: '730.6684782608694'
logoutlocation:
  world: spawn
  x: 0.4035535180120873
  y: 32.0
  z: -2.811497745039565
  yaw: 183.3672
  pitch: 71.86921
lastAccountName: Dragon123199
