uuid: c04867c5-c3b3-4b8e-8659-9dc25308675c
timestamps:
  login: 1419831292149
  lastteleport: 1419831347657
  logout: 1419831357127
ipAddress: 69.118.16.68
lastlocation:
  world: spawn
  x: 0.329389681082781
  y: 34.0
  z: 8.234159822840507
  yaw: -179.91547
  pitch: 12.555746
logoutlocation:
  world: spawn
  x: 0.5361150501189402
  y: 29.0
  z: 52.48036220282452
  yaw: -0.39194626
  pitch: 9.126412
money: '30.0'
lastAccountName: mradventuzz
