timestamps:
  lastteleport: 1417964823280
  kits:
    pvp: 1417964724052
    novice: 1417964710139
    alpha: 1417280684551
  logout: 1419024343704
  login: 1419024312228
lastlocation:
  world: mines
  x: 48.5571429393658
  y: 48.0
  z: -14.429729393775354
  yaw: 265.95258
  pitch: 39.299995
nickname: gotgreatgaming
money: '546.0'
logoutlocation:
  world: mines
  x: 43.69999998807907
  y: 59.0
  z: -8.699999988079071
  yaw: 202.50311
  pitch: 11.100059
uuid: c073b094-c3b2-4564-9b2e-8e431c69fc0e
ipAddress: 107.211.49.179
lastAccountName: christy2782
