uuid: c0d3aa6c-cdc5-428e-990a-46ba1c9af744
timestamps:
  login: 1424427010569
  lastteleport: 1423989126707
  logout: 1424427123971
  kits:
    expert: 1423924421102
    novice: 1423924507616
    pvp: 1423945480783
    color: 1422727860203
    alpha: 1417363871797
    adept: 1423924530270
ipAddress: 90.200.195.114
lastlocation:
  world: spawn
  x: -17.432819800707748
  y: 42.0
  z: -6.459459482429062
  yaw: -271.67767
  pitch: 1.283288
logoutlocation:
  world: plotworld
  x: 72.28232243568434
  y: 65.0
  z: 70.23750001192093
  yaw: 19.750021
  pitch: 12.468175
money: '9384234.107500002'
lastAccountName: jakespeed19
