lastAccountName: Swagpig47
timestamps:
  login: 1422110164470
  lastteleport: 1422110337037
  logout: 1422110448132
ipAddress: 108.20.202.76
money: '98955.0'
lastlocation:
  world: plotworld
  x: -85.1631672491005
  y: 65.0
  z: -53.31217342384043
  yaw: 29.250004
  pitch: 23.25
logoutlocation:
  world: mines
  x: 327.6979237089399
  y: 63.0
  z: -9.79386442829293
  yaw: 88.640755
  pitch: -67.05
