timestamps:
  lastteleport: 1417921669176
  logout: 1417922871056
  login: 1417920909934
  kits:
    pvp: 1417881377908
    novice: 1417881365805
lastlocation:
  world: spawn
  x: 0.5
  y: 37.0
  z: -6.5
  yaw: -246.26337
  pitch: 14.065788
logoutlocation:
  world: spawn
  x: 3.195744011670383
  y: 100.0
  z: -1.1309763413464744
  yaw: -349.43665
  pitch: 21.571518
uuid: c1095e11-b2ec-4c4b-ae05-ba628679d7eb
ipAddress: 98.18.24.244
money: '30.0'
lastAccountName: hc13563
