lastAccountName: bacca_afk
timestamps:
  login: 1422538182771
  lastteleport: 1422538626077
  kits:
    novice: 1422538290282
  logout: 1422538806314
ipAddress: 79.178.102.69
lastlocation:
  world: spawn
  x: 12.45578382156211
  y: 102.0
  z: -244.21469469024697
  yaw: 100.25488
  pitch: 5.2524652
logoutlocation:
  world: spawn
  x: 3.8454529756004723
  y: 114.0
  z: -751.1668662792626
  yaw: 118.07738
  pitch: -7.7080617
money: '135.625'
