uuid: c1a94746-2d78-468d-9960-883863c69ea8
timestamps:
  login: 1416429631975
  lastteleport: 1416429790387
  kits:
    alpha: 1416429827659
  logout: 1416429897319
ipAddress: 109.152.226.145
lastlocation:
  world: spawn
  x: 0.5917288230778368
  y: 34.0
  z: -26.07197286978855
  yaw: 181.65228
  pitch: 14.549983
logoutlocation:
  world: spawn
  x: -21.905907589433422
  y: 35.0
  z: -6.974017063698594
  yaw: -269.2505
  pitch: 0.89999413
money: '30.0'
lastAccountName: eman_digz
