lastAccountName: gabrielon44
timestamps:
  login: 1421491305863
  logout: 1421491447772
ipAddress: 47.61.34.141
logoutlocation:
  world: spawn
  x: 0.7617815604320448
  y: 34.0
  z: 9.463587898188278
  yaw: 356.7
  pitch: 24.30003
money: '30.0'
