uuid: c29ef8b0-1e22-4e6a-9189-be14cb3ecad9
timestamps:
  login: 1424664148387
  lastteleport: 1424665401834
  logout: 1424665708282
  jail: 0
  kits:
    expert: 1424141733101
    novice: 1420063049567
    color: 1420146177391
    adept: 1420148430918
ipAddress: 184.180.216.102
lastlocation:
  world: spawn
  x: 1.1155067705507642
  y: 82.0
  z: -1213.8699200023857
  yaw: -227.62657
  pitch: -11.379589
logoutlocation:
  world: spawn
  x: -11.988742460302674
  y: 83.0
  z: -1217.3665326888947
  yaw: -2.0628505
  pitch: 29.813236
money: '4001383.7276605205'
jailed: false
afk: false
lastAccountName: maxthecool1234
godmode: false
