lastAccountName: maisygaming
timestamps:
  login: 1423240540002
  lastteleport: 1423241189096
  kits:
    pvp: 1423240629447
    novice: 1423240612210
  logout: 1423241237453
ipAddress: 77.100.197.99
lastlocation:
  world: spawn
  x: 13.275995559745684
  y: 106.0
  z: -239.7712879127404
  yaw: 9.448846
  pitch: 8.850075
money: '1818.3478260869565'
logoutlocation:
  world: mines
  x: 135.80476672553303
  y: 63.0
  z: -7.699333758772726
  yaw: 27.002655
  pitch: 26.099955
