uuid: c326b4d0-b943-4456-bc9e-2abac95e95b5
timestamps:
  login: 1422147738237
  lastteleport: 1421688351876
  logout: 1422147740184
  kits:
    novice: 1420754084922
    adept: 1420754077920
ipAddress: 73.47.70.204
lastlocation:
  world: spawn
  x: 7.5923992055979035
  y: 106.0
  z: -241.49610072892762
  yaw: 92.54878
  pitch: 15.000039
logoutlocation:
  world: spawn
  x: 6.839826312087812
  y: 82.0
  z: -1237.8626758838725
  yaw: 88.62693
  pitch: 1.9499732
money: '2022.2730434782588'
lastAccountName: FactionRaidz
