uuid: c3503e35-af43-4602-b34f-6b99cc4718c7
timestamps:
  login: 1419307979763
  lastteleport: 1419308090770
  logout: 1419308114641
ipAddress: 67.249.164.131
lastlocation:
  world: spawn
  x: 11.650113170684346
  y: 106.0
  z: -236.28314639592412
  yaw: 57.90042
  pitch: 1.9524775
logoutlocation:
  world: spawn
  x: 4.726907133137251
  y: 37.0
  z: -6.6742713243944936
  yaw: -93.58067
  pitch: 23.139992
money: '30.0'
lastAccountName: _hunterdavid_
