uuid: c3620a51-cb3f-4c64-bffa-c1dc8608509d
timestamps:
  login: 1417814723903
  lastteleport: 1417814787242
  logout: 1417814800888
ipAddress: 77.102.131.49
lastlocation:
  world: spawn
  x: 0.5
  y: 37.0
  z: -6.5
  yaw: -180.15056
  pitch: 1.6499914
logoutlocation:
  world: plotworld
  x: -2.810216012021522
  y: 67.0
  z: 8.43401837152451
  yaw: 92.99994
  pitch: 11.10001
money: '30.0'
lastAccountName: guildpvp
