lastAccountName: izactwx
timestamps:
  login: 1422949536478
  lastteleport: 1422949751178
  kits:
    novice: 1422949662742
  logout: 1422949955614
ipAddress: 219.89.72.124
lastlocation:
  world: spawn
  x: 10.464514769937828
  y: 106.0
  z: -252.06464506731783
  yaw: -184.6511
  pitch: 4.350073
logoutlocation:
  world: spawn
  x: -23.123861314575407
  y: 35.0
  z: -5.718148931482293
  yaw: 81.299835
  pitch: 4.9500165
money: '63.0'
