lastAccountName: BLAKJAK910
timestamps:
  login: 1424626772354
  lastteleport: 1424627128039
  kits:
    novice: 1423787078159
    adept: 1424215276858
  logout: 1424627156778
ipAddress: 76.30.21.0
money: '3199718.728840585'
lastlocation:
  world: mines
  x: 381.5
  y: 63.0
  z: -26.5
  yaw: -359.99753
  pitch: -0.30000657
afk: false
logoutlocation:
  world: mines
  x: 407.5757940652109
  y: 61.0
  z: -7.7973810801374
  yaw: -4.347623
  pitch: 20.700006
