uuid: c5f3f789-d203-421a-bc2b-f40821d13b3e
timestamps:
  login: 1419132613827
  lastteleport: 1419132707274
  logout: 1419132721156
ipAddress: 162.156.140.100
lastlocation:
  world: spawn
  x: 0.2775925561724956
  y: 34.0
  z: 8.957609876529748
  yaw: 197.69948
  pitch: 24.450008
logoutlocation:
  world: spawn
  x: 0.7108981597454125
  y: 29.0
  z: 31.847490731045603
  yaw: 2.5494828
  pitch: 11.399987
money: '30.0'
lastAccountName: enchantment__
