uuid: c5f8182a-379c-496c-8a3a-8e563e92ad9c
timestamps:
  login: 1417946309169
  lastteleport: 1417948358623
  kits:
    novice: 1417946400512
    pvp: 1417946382208
    color: 1417948384808
  logout: 1417948565853
ipAddress: 86.92.4.145
lastlocation:
  world: mines
  x: 17.119447716667427
  y: 49.0
  z: -10.450918327467548
  yaw: 18.590118
  pitch: 8.895089
money: '21.5'
logoutlocation:
  world: mines
  x: 101.30000001192093
  y: 48.0
  z: -7.699999988079076
  yaw: 355.2876
  pitch: 40.281742
lastAccountName: refano
