uuid: c606db2f-c502-4718-8e3f-1e06d4095543
timestamps:
  login: 1419919206796
  lastteleport: 1419919514144
  kits:
    novice: 1419919345490
  logout: 1419919689904
ipAddress: 108.93.65.177
lastlocation:
  world: spawn
  x: -0.5959346292498592
  y: 26.0
  z: -9.597403526763001
  yaw: 357.90265
  pitch: -23.399998
logoutlocation:
  world: spawn
  x: 1.170514428738274
  y: 37.0
  z: -8.011310569892535
  yaw: -4.799164
  pitch: 51.3
money: '57.0'
lastAccountName: a1cup
