lastAccountName: timmi8
timestamps:
  login: 1423973922095
  logout: 1423973953402
ipAddress: 24.49.162.43
logoutlocation:
  world: spawn
  x: -5.693114880020019
  y: 80.5
  z: -1237.4209875276367
  yaw: 85.47635
  pitch: 12.450005
money: '30.0'
