lastAccountName: Nebhii
timestamps:
  login: 1420488271863
  logout: 1420488400382
ipAddress: 84.41.80.46
logoutlocation:
  world: spawn
  x: 30.610735795392586
  y: 81.0
  z: -1238.9462000431574
  yaw: 96.576096
  pitch: 2.2500246
money: '30.0'
