timestamps:
  lastteleport: 1424196684546
  kits:
    pvp: 1424114075965
    novice: 1424114070649
    adept: 1424118594172
  logout: 1424196883181
  login: 1424196880295
lastlocation:
  world: plotworld
  x: -10.82067802409815
  y: 65.0
  z: -102.65834360960012
  yaw: 13.050102
  pitch: 24.299984
afk: false
logoutlocation:
  world: mines
  x: 674.2868504027434
  y: 49.18420877709426
  z: -6.000000007450579
  yaw: 125.552704
  pitch: -8.2499895
lastAccountName: GoatsInMyBelly
ipAddress: 73.5.14.177
money: '22173.777826086956'
