uuid: c692041d-574e-4605-ab4f-369ae4e88ef1
timestamps:
  login: 1418251594959
  lastteleport: 1417657405387
  logout: 1418251602157
ipAddress: 108.196.54.74
lastlocation:
  world: spawn
  x: -6.538517877753388
  y: 37.0
  z: -6.079457694716672
  yaw: 265.4989
  pitch: 8.550022
logoutlocation:
  world: spawn
  x: 0.2998036090937783
  y: 55.0
  z: 2.903508546338766
  yaw: 330.0019
  pitch: 31.05
money: '30.0'
lastAccountName: bacca_general
