uuid: c6b493e4-cb67-4618-ba79-f850073e62e6
timestamps:
  login: 1419348555639
  lastteleport: 1419348814356
  kits:
    pvp: 1419348632339
  logout: 1419348838722
ipAddress: 77.212.237.86
lastlocation:
  world: spawn
  x: 14.5
  y: 81.5
  z: -1237.5
  yaw: 89.37691
  pitch: 0.4499731
money: '30.0'
logoutlocation:
  world: spawn
  x: 14.07712561806804
  y: 82.0
  z: -1237.4993986805202
  yaw: -40.373096
  pitch: 21.299974
lastAccountName: clausk
