lastAccountName: millionaire423
timestamps:
  login: 1420848825625
  lastteleport: 1420849431640
  kits:
    pvp: 1420849078341
    novice: 1420849064688
  logout: 1420849534397
ipAddress: 76.7.177.235
lastlocation:
  world: spawn
  x: 14.5
  y: 81.5
  z: -1237.5
  yaw: 89.826904
  pitch: 0.1499731
logoutlocation:
  world: spawn
  x: 12.280187190560635
  y: 42.0
  z: -3.064169864028691
  yaw: 188.54968
  pitch: 23.249975
money: '30.0'
