lastAccountName: deadlyeye14
timestamps:
  login: 1420939733815
  lastteleport: 1420940227261
  kits:
    pvp: 1420939240832
    novice: 1420939235583
  logout: 1420940895457
ipAddress: 98.109.67.82
lastlocation:
  world: mines
  x: 138.39625470736956
  y: 58.0
  z: -1.1192964042982267
  yaw: -169.19757
  pitch: -25.199993
money: '6900.778260869566'
logoutlocation:
  world: plotworld
  x: 40.30000001192093
  y: 45.0
  z: 13.425000011920917
  yaw: -52.950195
  pitch: 78.45003
