uuid: c7d82e55-065e-4555-a89f-0850a43f3486
timestamps:
  login: 1421530575573
  lastteleport: 1421530977721
  kits:
    novice: 1419577905238
    color: 1420008164688
    adept: 1421530632299
  logout: 1421531001827
ipAddress: 172.11.153.34
lastlocation:
  world: spawn
  x: 4.856952079531731
  y: 250.0
  z: -244.46683023663354
  yaw: 89.50186
  pitch: 1.9186081
logoutlocation:
  world: world_the_end
  x: 8.583640850361713
  y: 64.0
  z: 15.150256612876154
  yaw: 279.14966
  pitch: -57.600006
money: '564598.8863405816'
afk: false
lastAccountName: Mozerella8
