lastAccountName: Linnygirl24
timestamps:
  login: 1422206037474
  logout: 1422206336268
ipAddress: 24.71.22.88
logoutlocation:
  world: spawn
  x: 10.775953582950955
  y: 81.5
  z: -1208.6765797793917
  yaw: -180.77367
  pitch: 5.699951
money: '30.0'
