uuid: c9a2eade-a0cd-4f3c-9c28-c917c4553469
timestamps:
  login: 1419997134660
  lastteleport: 1419997289178
  logout: 1419997352428
ipAddress: 144.131.192.159
lastlocation:
  world: spawn
  x: -1.0306767988476326
  y: 33.0
  z: -36.44595374705994
  yaw: 210.3913
  pitch: 0.07836926
logoutlocation:
  world: spawn
  x: 17.348748843971634
  y: 106.0
  z: -240.9863849880947
  yaw: 12.861786
  pitch: 9.690231
money: '30.0'
lastAccountName: mining_maniac1
