lastAccountName: AlaughingProject
timestamps:
  login: 1420969443415
  logout: 1420969461116
ipAddress: 73.37.79.15
logoutlocation:
  world: spawn
  x: 14.684191216065155
  y: 82.0
  z: -1238.3508887834018
  yaw: 173.20775
  pitch: 4.2300086
money: '30.0'
