lastAccountName: XxMeldarisxX
timestamps:
  login: 1422931049651
  lastteleport: 1421349144122
  kits:
    novice: 1421348288420
  logout: 1422931073555
ipAddress: 69.128.35.72
lastlocation:
  world: spawn
  x: -28.92848130274901
  y: 79.5
  z: -245.50388472669283
  yaw: -98.119736
  pitch: 10.35001
money: '3358.3099999999995'
logoutlocation:
  world: spawn
  x: -5.785676897697558
  y: 37.0
  z: -5.809812843493282
  yaw: 300.29974
  pitch: 14.700019
