lastAccountName: skythekid1130
timestamps:
  login: 1420730927432
  lastteleport: 1420731721301
  logout: 1420731883452
ipAddress: 78.164.75.85
lastlocation:
  world: spawn
  x: 0.5290381687485038
  y: 107.0
  z: -247.17665497416675
  yaw: -25.651129
  pitch: 4.350076
logoutlocation:
  world: mines
  x: 10.784850234356306
  y: 63.0
  z: -6.647893371720599
  yaw: 349.35168
  pitch: 10.35005
money: '69.5'
