uuid: ca916ec7-8758-49e6-91f3-ec2d2f79a542
timestamps:
  login: 1419976190601
  logout: 1419976911830
  kits:
    pvp: 1417658384479
    novice: 1417727223951
    color: 1417651772230
    adept: 1417727235654
  lastteleport: 1419976807228
ipAddress: 76.105.178.208
logoutlocation:
  world: mines
  x: 316.30000001192093
  y: 63.0
  z: -13.473927197779082
  yaw: -80.54731
  pitch: 0.30002213
lastlocation:
  world: plotworld
  x: -9.158650528817752
  y: 65.5
  z: 18.005001012160907
  yaw: -61.94989
  pitch: -6.9000072
money: '240417.36336956505'
afk: false
godmode: false
lastAccountName: keith940
