uuid: cbc92be9-04b5-4c2a-84ab-734dded00591
timestamps:
  login: 1419993118882
  logout: 1419993334040
  lastteleport: 1419993313360
ipAddress: 68.150.154.193
logoutlocation:
  world: spawn
  x: 0.7738186917039872
  y: 107.0
  z: -243.76327768959789
  yaw: 208.04887
  pitch: 18.30008
lastlocation:
  world: spawn
  x: -0.6885831163236588
  y: 33.0
  z: -37.34138135211873
  yaw: -141.7473
  pitch: 5.2499723
money: '30.0'
lastAccountName: madeinaline
