lastAccountName: Ali_Football24
timestamps:
  login: 1422992374718
  logout: 1422992525310
ipAddress: 86.144.237.39
logoutlocation:
  world: spawn
  x: 18.265924974728208
  y: 82.0
  z: -1236.6572583498341
  yaw: 71.226944
  pitch: 33.149895
money: '30.0'
