timestamps:
  lastteleport: 1417728898199
  logout: 1417728987373
lastlocation:
  world: spawn
  x: 12.572654824870634
  y: 106.0
  z: -251.01508895823747
  yaw: -342.74957
  pitch: 1.499957
logoutlocation:
  world: spawn
  x: -0.33575206002792446
  y: 29.0
  z: -3.7558048927171495
  yaw: -199.35115
  pitch: 28.049963
lastAccountName: wodanners
