uuid: cdd177e3-04d0-4604-8f2e-59d11bc5ab39
timestamps:
  login: 1419295692471
  lastteleport: 1419295807102
  logout: 1419295861311
ipAddress: 104.157.193.147
lastlocation:
  world: spawn
  x: 1.9925091653813034
  y: 29.5
  z: 30.003897556285178
  yaw: -31.530949
  pitch: 80.59603
logoutlocation:
  world: spawn
  x: 0.5631504563406984
  y: 34.0
  z: -26.29937003643184
  yaw: 145.5759
  pitch: 35.007225
money: '30.0'
lastAccountName: magecurse
