lastAccountName: anderholub
timestamps:
  login: 1420910914129
  logout: 1420910990586
ipAddress: 109.81.252.29
logoutlocation:
  world: spawn
  x: 14.498518831226061
  y: 81.0
  z: -1219.6813219479086
  yaw: -1.223984
  pitch: -8.400011
money: '30.0'
