uuid: ce16dfdd-02f2-4085-8158-85be9a32a5ff
timestamps:
  login: 1417824034002
  lastteleport: 1417824444371
  logout: 1417824450417
ipAddress: 108.29.8.83
lastlocation:
  world: spawn
  x: 0.984602684514831
  y: 28.0
  z: -11.326061964462045
  yaw: -2.7006564
  pitch: 26.700003
logoutlocation:
  world: spawn
  x: 0.25513192314514976
  y: 36.0
  z: -21.67170214550985
  yaw: -0.90045166
  pitch: -0.90000814
money: '44.5'
lastAccountName: 432zoom
