lastAccountName: isabel2468
timestamps:
  login: 1424130285898
  lastteleport: 1424131001333
  kits:
    novice: 1424123999033
    color: 1424125176830
    adept: 1424126333242
  logout: 1424131121499
ipAddress: 98.215.88.214
lastlocation:
  world: spawn
  x: 21.313802786088278
  y: 123.0
  z: -245.06735452082478
  yaw: -93.20015
  pitch: 3.600003
money: '169535.5308695652'
afk: false
logoutlocation:
  world: mines
  x: 323.146031914966
  y: 63.5
  z: -7.558250912095713
  yaw: 98.85302
  pitch: -90.0
