lastAccountName: mks1199
timestamps:
  login: 1422755149679
  logout: 1422755159987
ipAddress: 66.229.162.245
logoutlocation:
  world: spawn
  x: 25.18349947719729
  y: 81.5
  z: -1237.3670445757227
  yaw: -280.67358
  pitch: 6.899998
money: '30.0'
