lastAccountName: MADTEA850
timestamps:
  login: 1421638175422
  logout: 1421638195891
ipAddress: 98.209.125.24
logoutlocation:
  world: spawn
  x: 14.461826923640048
  y: 81.5
  z: -1237.536211174398
  yaw: 74.67645
  pitch: 10.3499975
money: '30.0'
