uuid: cf886c3e-9378-4a3a-ab03-477bfbcdb791
timestamps:
  login: 1416774111274
  lastteleport: 1416774827455
  logout: 1416774842957
ipAddress: 24.155.242.129
lastlocation:
  world: spawn
  x: 0.49789135725586675
  y: 100.0
  z: -2.722453334961082
  yaw: -359.80176
  pitch: 9.727305
money: '110.0'
logoutlocation:
  world: spawn
  x: 20.580057039960458
  y: 35.0
  z: -1.3935686401552165
  yaw: 268.96072
  pitch: 28.771322
lastAccountName: lunar_rabbit
