uuid: cf96d2c4-e729-4ebf-92ba-85b007e5c88e
timestamps:
  login: 1419430916727
  lastteleport: 1419431079874
  logout: 1419431123644
ipAddress: 64.223.85.213
lastlocation:
  world: spawn
  x: 11.513719525363319
  y: 106.0
  z: -251.38995169905823
  yaw: 154.95854
  pitch: 2.9559424
logoutlocation:
  world: spawn
  x: 1.1586785443418155
  y: 36.0
  z: -15.456875802288852
  yaw: -193.76532
  pitch: 29.100494
money: '30.0'
lastAccountName: cia14
