lastAccountName: MisterEous
timestamps:
  login: 1420846957966
  lastteleport: 1420847270661
  logout: 1420847293146
ipAddress: 71.195.227.199
lastlocation:
  world: spawn
  x: 32.90628126601752
  y: 81.0
  z: -1237.4479588140798
  yaw: -113.27322
  pitch: 2.9999716
logoutlocation:
  world: spawn
  x: 21.162190162798087
  y: 106.0
  z: -243.70013765956736
  yaw: -310.2008
  pitch: 24.90007
money: '30.0'
