lastAccountName: joshverd
timestamps:
  login: 1422216666827
  lastteleport: 1422216731155
  logout: 1422216799872
ipAddress: 73.32.212.199
lastlocation:
  world: spawn
  x: 0.3250067276828059
  y: 29.5
  z: 54.006726911015114
  yaw: -2.3510659
  pitch: 33.07078
logoutlocation:
  world: spawn
  x: 11.725415252491104
  y: 81.0
  z: -1255.0955120582164
  yaw: 173.42642
  pitch: 26.649446
money: '30.0'
