lastAccountName: KentonMG
timestamps:
  login: 1422218424587
  logout: 1422218436015
ipAddress: 68.151.239.28
logoutlocation:
  world: spawn
  x: 0.6528200907632709
  y: 101.0
  z: -5.394069064592524
  yaw: -3.6000001
  pitch: 1.9499999
money: '30.0'
