timestamps:
  lastteleport: 1416406980526
  kits:
    alpha: 1416407343707
  logout: 1416407389191
lastlocation:
  world: spawn
  x: -0.18624273004292968
  y: 34.0
  z: 8.386142943661218
  yaw: -143.40067
  pitch: 5.549981
money: '123.0'
logoutlocation:
  world: spawn
  x: -3.40605282441342
  y: 33.0
  z: -33.490938123095304
  yaw: -40.650055
  pitch: 22.95005
lastAccountName: squashjosh101
