uuid: d1ce52a9-9ae2-4f85-82b6-3514db03f17e
timestamps:
  login: 1419865086974
  lastteleport: 1419865235310
  logout: 1419865241585
ipAddress: 77.169.176.80
lastlocation:
  world: spawn
  x: 12.699999988079071
  y: 102.0
  z: -245.22198941270048
  yaw: 305.53235
  pitch: 12.123664
logoutlocation:
  world: spawn
  x: 13.092321106695378
  y: 94.0
  z: -239.72637398739303
  yaw: 126.15324
  pitch: 44.862335
money: '30.0'
lastAccountName: pr0totype2
