uuid: d22b4c75-145d-4cd4-890e-5a08624a8458
timestamps:
  login: 1417956428026
  lastteleport: 1417956827514
  kits:
    novice: 1417956487990
  logout: 1417956890877
ipAddress: 98.216.73.86
lastlocation:
  world: spawn
  x: -0.49759838133831125
  y: 37.0
  z: -11.831480808862759
  yaw: -173.04749
  pitch: 14.688084
logoutlocation:
  world: spawn
  x: 5.645422957074574
  y: 55.0
  z: 9.429150044080078
  yaw: 341.7011
  pitch: 2.2499511
money: '141.0'
lastAccountName: returningcrafter
