uuid: d23b920b-fbba-4e8a-95e3-912d174ccefb
timestamps:
  login: 1419692706594
  lastteleport: 1419692737805
  logout: 1419692813621
  kits:
    adept: 1419657406429
ipAddress: 24.217.242.207
lastlocation:
  world: mines
  x: 269.5
  y: 63.0
  z: -16.5
  yaw: 0.15261206
  pitch: -0.5999815
money: '57894.24637681156'
logoutlocation:
  world: mines
  x: 293.02416711967334
  y: 64.0
  z: -8.37678354056824
  yaw: 217.20291
  pitch: -52.199936
lastAccountName: car2806
