timestamps:
  kits:
    alpha: 1417333552730
  lastteleport: 1417333662381
  logout: 1417333687131
lastlocation:
  world: spawn
  x: 11.792642545319975
  y: 106.0
  z: -252.0408945601712
  yaw: 154.19995
  pitch: 2.5499573
logoutlocation:
  world: spawn
  x: 2.3000000119209285
  y: 32.0
  z: 1.767775939487245
  yaw: -320.25067
  pitch: 11.849979
money: '30.0'
lastAccountName: yum3y8
