lastAccountName: RyanTseng
timestamps:
  login: 1424617495710
  lastteleport: 1424618323674
  logout: 1424618328474
ipAddress: 216.15.36.226
money: '8484719.159999998'
lastlocation:
  world: mines
  x: 297.0034444544953
  y: 73.0
  z: -7.370471516258256
  yaw: 311.10217
  pitch: 21.000011
logoutlocation:
  world: mines
  x: 269.5
  y: 63.0
  z: -16.5
  yaw: -92.39738
  pitch: 30.450016
