uuid: d464b40c-6f5f-42fe-a7c2-6951eef09b87
timestamps:
  login: 1418349866102
  lastteleport: 1418350252177
  logout: 1418350722067
ipAddress: 66.245.73.81
lastlocation:
  world: spawn
  x: -5.379491737309479
  y: 55.0
  z: -1.2868295900475848
  yaw: -186.6308
  pitch: 9.047709
money: '315.0'
logoutlocation:
  world: mines
  x: 12.740509262259526
  y: 62.0
  z: -8.171910452933636
  yaw: 257.52118
  pitch: 33.24324
lastAccountName: agentmoocow35
