lastAccountName: flames90901
timestamps:
  login: 1422658781263
  logout: 1422659257163
ipAddress: 50.176.252.139
logoutlocation:
  world: spawn
  x: -0.2978754331460537
  y: 34.0
  z: 11.198489526258728
  yaw: 30.884796
  pitch: 0.48509526
money: '30.0'
