lastAccountName: mnmziziziz
timestamps:
  login: 1421179968812
  logout: 1421180008851
ipAddress: 73.195.104.73
logoutlocation:
  world: spawn
  x: 0.9507573598707217
  y: 103.0
  z: 9.427462109784468
  yaw: -2.999999
  pitch: 4.9500027
money: '30.0'
