lastAccountName: ImMrFeets
timestamps:
  login: 1422135333263
  logout: 1422135347555
ipAddress: 173.87.218.139
logoutlocation:
  world: spawn
  x: 0.5486087334774868
  y: 34.0
  z: 5.242979745853885
  yaw: 110.099976
  pitch: -85.95
money: '30.0'
