uuid: d5c11627-1788-4bac-801b-728797f286ef
timestamps:
  login: 1420033833023
  lastteleport: 1420032964982
  logout: 1420033841623
ipAddress: 223.204.91.18
lastlocation:
  world: mines
  x: -11.430538895628644
  y: 63.0
  z: -18.275861303869423
  yaw: -235.86162
  pitch: 11.328702
logoutlocation:
  world: spawn
  x: 7.7780729458672475
  y: 55.0
  z: 8.993989973768112
  yaw: -165.04202
  pitch: 13.203719
money: '242.0'
lastAccountName: edwardbrine
