lastAccountName: stephansplint
timestamps:
  login: 1422974169358
  lastteleport: 1422974487672
  kits:
    novice: 1422974592977
    pvp: 1422974375747
    color: 1422974250232
    adept: 1422974393929
  logout: 1422974809023
ipAddress: 77.174.142.247
money: '19042.289999999997'
lastlocation:
  world: mines
  x: 240.60865756219349
  y: 61.0
  z: -10.739562168178399
  yaw: 204.905
  pitch: -4.0499687
logoutlocation:
  world: mines
  x: 237.75679192432617
  y: 63.0
  z: -21.92294263819734
  yaw: -201.44525
  pitch: 14.69999
