lastAccountName: dangerzonepro
timestamps:
  login: 1423000804957
  lastteleport: 1423000887491
  kits:
    novice: 1422975808308
    pvp: 1422976386917
    color: 1422999907633
    adept: 1422976297814
  logout: 1423001081926
ipAddress: 76.117.19.241
money: '55612.79999999999'
lastlocation:
  world: mines
  x: 209.30000001192093
  y: 48.0
  z: -13.320084545812806
  yaw: 263.85236
  pitch: 22.800013
logoutlocation:
  world: plotworld
  x: -9.34551135685049
  y: 69.0
  z: 53.520909189126336
  yaw: 108.7501
  pitch: 35.999996
afk: false
godmode: false
