lastAccountName: PhoenixSlayer123
timestamps:
  login: 1421235820965
  lastteleport: 1421235917185
  kits:
    pvp: 1421182627090
    novice: 1421182608239
    color: 1421182643093
    adept: 1421196024944
  logout: 1421236083778
ipAddress: 173.184.97.7
lastlocation:
  world: plotworld
  x: -41.30000001192093
  y: 67.5
  z: -25.739334883433433
  yaw: -102.21434
  pitch: 55.85284
logoutlocation:
  world: spawn
  x: 23.88299885021526
  y: 82.0
  z: -1232.4183286074658
  yaw: 100.53647
  pitch: 21.687996
money: '13411.779999999995'
