lastAccountName: lambshero
timestamps:
  login: 1422153032625
  logout: 1422153043384
ipAddress: 24.183.62.159
logoutlocation:
  world: spawn
  x: -0.045806142121301074
  y: 101.5
  z: -12.484079187742962
  yaw: -12.000042
  pitch: 6.450007
money: '30.0'
