uuid: d7d9b351-adcf-4243-a82a-9e35099ec588
timestamps:
  login: 1419840664623
  lastteleport: 1419840766970
  logout: 1419840798979
ipAddress: 110.142.248.52
lastlocation:
  world: spawn
  x: 0.5139899781352142
  y: 29.0
  z: 25.090384988058474
  yaw: -0.4505128
  pitch: 5.700009
logoutlocation:
  world: spawn
  x: -0.6999999880790712
  y: 36.0
  z: -17.75495870374657
  yaw: -352.05045
  pitch: 5.0999923
money: '30.0'
lastAccountName: jjjj68144
