lastAccountName: Lion_Warrior
timestamps:
  login: 1424638840422
  lastteleport: 1424640541026
  kits:
    novice: 1424489695470
    color: 1424489650710
    adept: 1424498240611
  logout: 1424640677283
ipAddress: 75.174.31.47
lastlocation:
  world: plotworld
  x: 57.26115137937818
  y: 66.0
  z: 89.6043166682099
  yaw: -4.2718506
  pitch: 12.976733
afk: false
money: '94513.23217391309'
logoutlocation:
  world: spawn
  x: 11.435724625672512
  y: 74.0
  z: -246.69999998807907
  yaw: -164.22673
  pitch: 55.53463
