timestamps:
  lastteleport: 1419987610353
  kits:
    pvp: 1419885443109
  login: 1423890878949
  logout: 1423890891883
lastlocation:
  world: mines
  x: 322.6988308044411
  y: 63.0
  z: -8.300362788872558
  yaw: 139.0553
  pitch: 16.049986
money: '359386.5466304348'
uuid: d9661180-8ff1-4a9f-bc1a-dd8d434a833f
ipAddress: 75.130.4.169
logoutlocation:
  world: spawn
  x: 14.461826923640048
  y: 81.5
  z: -1237.536211174398
  yaw: 88.67052
  pitch: -12.762041
lastAccountName: Max1051
