uuid: d99b9c1a-c2d3-4754-9d53-568cb831e03f
timestamps:
  login: 1419646835763
  lastteleport: 1419649671595
  kits:
    pvp: 1419647087874
    novice: 1419647063775
  logout: 1419649786515
ipAddress: 24.146.147.55
lastlocation:
  world: spawn
  x: 0.3788017304814626
  y: 107.0
  z: -247.85153862113035
  yaw: -40.80118
  pitch: 23.10008
logoutlocation:
  world: spawn
  x: 0.15365356649472406
  y: 55.0
  z: 2.6864704939697606
  yaw: 173.55157
  pitch: 3.9000037
money: '368.9375'
lastAccountName: nyrangerz14
