lastAccountName: jamesbryant01
timestamps:
  login: 1421336796883
  lastteleport: 1421307759966
  kits:
    pvp: 1421306420614
    novice: 1421306374907
  logout: 1421336849102
ipAddress: 109.145.154.72
lastlocation:
  world: spawn
  x: -22.07469367820178
  y: 35.0
  z: -7.175410454174505
  yaw: -262.05063
  pitch: 0.59999233
logoutlocation:
  world: mines
  x: -9.130976741535774
  y: 62.5
  z: -16.641520796076115
  yaw: 51.15266
  pitch: 53.400024
money: '14.0'
