lastAccountName: clumsychicken
timestamps:
  login: 1421834013268
  lastteleport: 1421836491367
  kits:
    novice: 1421834228097
    pvp: 1421834200292
    color: 1421835136172
  logout: 1421836583287
ipAddress: 2.120.209.63
lastlocation:
  world: mines
  x: 122.2042194535399
  y: 63.0
  z: -12.864079675167622
  yaw: 285.51727
  pitch: 33.192036
logoutlocation:
  world: mines
  x: 168.8945746948131
  y: 64.0
  z: -10.556613923950184
  yaw: -269.99695
  pitch: 2.5500195
money: '3286.323478260868'
