lastAccountName: RaceTylerBigFans
timestamps:
  login: 1420317642931
  logout: 1420317679750
ipAddress: 75.89.214.16
logoutlocation:
  world: spawn
  x: 34.79955687149783
  y: 81.5
  z: -1237.4879001159195
  yaw: 306.42642
  pitch: 6.2999983
money: '30.0'
