lastAccountName: liamkav
timestamps:
  login: 1422334768059
  lastteleport: 1422260603357
  logout: 1422334783087
ipAddress: 58.170.58.103
lastlocation:
  world: spawn
  x: 12.207280484970115
  y: 106.0
  z: -252.11888850882266
  yaw: 130.05394
  pitch: 7.143134
logoutlocation:
  world: spawn
  x: -7.800081370553945
  y: 37.015555072702206
  z: -4.947102612398578
  yaw: -6.668836
  pitch: 26.79527
money: '25.0'
