lastAccountName: soccerboyneo
timestamps:
  login: 1421984063037
  lastteleport: 1421984394406
  logout: 1421984757179
ipAddress: 209.195.112.83
lastlocation:
  world: spawn
  x: 12.300000011920929
  y: 102.0
  z: -245.03113739139687
  yaw: 61.64887
  pitch: -0.89990604
money: '2146.8575'
logoutlocation:
  world: spawn
  x: 1.2976321318705764
  y: 115.0
  z: -746.8471197918617
  yaw: -288.497
  pitch: 4.2000103
