uuid: dc05adbf-54ff-4871-99db-5d405795f5da
timestamps:
  login: 1424501752733
  lastteleport: 1424502564116
  kits:
    novice: 1424230777853
    pvp: 1424230788204
    color: 1424230793006
    adept: 1424230782803
  logout: 1424502832893
ipAddress: 75.172.23.99
lastlocation:
  world: mines
  x: 269.38718565029745
  y: 63.7531999805212
  z: -4.651723324580763
  yaw: -2.9973888
  pitch: -33.44998
logoutlocation:
  world: plotworld
  x: 24.555993967932775
  y: 65.0
  z: -101.91468209714918
  yaw: 113.399414
  pitch: 36.000023
money: '1273924.176775362'
lastAccountName: MaddieLily12
afk: false
