lastAccountName: 3Fatboys
timestamps:
  login: 1421209039945
  logout: 1421209046913
ipAddress: 104.174.145.33
logoutlocation:
  world: spawn
  x: -5.698508252170614
  y: 80.5
  z: -1238.0426691306554
  yaw: 311.3761
  pitch: 7.65
money: '30.0'
