uuid: dc71a05b-0758-4a4a-8cc9-a2357bbddae1
timestamps:
  login: 1424043641458
  lastteleport: 1424044522421
  kits:
    alpha: 1416532032456
  logout: 1424044556210
ipAddress: 71.62.77.193
lastlocation:
  world: spawn
  x: 17.56267058340096
  y: 81.0
  z: -1249.8143885944887
  yaw: -85.22313
  pitch: 19.94996
money: '267718.0'
logoutlocation:
  world: spawn
  x: 7.63300873335779
  y: 123.0
  z: -233.75145555162914
  yaw: 195.25006
  pitch: 29.400002
afk: false
lastAccountName: pielover112233
