uuid: dc995acb-f9a2-4127-804b-11d4d9dfcbb9
timestamps:
  login: 1418181867138
  lastteleport: 1418181973749
  logout: 1418182146160
ipAddress: 74.136.178.114
lastlocation:
  world: spawn
  x: 11.082218453326714
  y: 106.0
  z: -252.37191962440954
  yaw: -192.14987
  pitch: 4.4999485
logoutlocation:
  world: spawn
  x: 4.520022457701993
  y: 33.0
  z: -28.328180088233918
  yaw: 181.64886
  pitch: -89.55
money: '31.0'
lastAccountName: silverfishsarah
