lastAccountName: scottmad
timestamps:
  login: 1422982053586
  logout: 1422982063844
ipAddress: 24.189.234.207
logoutlocation:
  world: spawn
  x: 9.337611807766187
  y: 82.0
  z: -1237.7766430540262
  yaw: 95.076416
  pitch: 1.9499991
money: '30.0'
