lastAccountName: laxflautista
timestamps:
  login: 1423265049652
  lastteleport: 1423266746083
  kits:
    pvp: 1422671236726
    novice: 1420644070011
    color: 1420647731509
    adept: 1423261270868
  logout: 1423267975939
ipAddress: 173.81.48.154
lastlocation:
  world: spawn
  x: 16.66292896493305
  y: 152.0
  z: -232.89422866176315
  yaw: 73.14929
  pitch: 2.25
money: '37964.862826086945'
logoutlocation:
  world: plotworld
  x: 73.29180115030931
  y: 65.0
  z: -7.487940670000505
  yaw: 156.7497
  pitch: 36.450012
