lastAccountName: ewany
timestamps:
  login: 1422482295160
  lastteleport: 1422482807912
  kits:
    novice: 1422482400713
    pvp: 1422482389188
  logout: 1422482845515
ipAddress: 80.41.105.57
lastlocation:
  world: mines
  x: 135.99066624978346
  y: 63.0
  z: -12.456677078549575
  yaw: -179.00903
  pitch: 6.491606
money: '925.0'
logoutlocation:
  world: mines
  x: 155.2996835594708
  y: 60.0
  z: -7.699999988079071
  yaw: -195.2793
  pitch: -8.949384
