lastAccountName: xXMustafaGamerXx
timestamps:
  login: 1420560299076
  lastteleport: 1420560461146
  logout: 1420560596531
ipAddress: 37.237.168.18
lastlocation:
  world: spawn
  x: 0.5018369789177086
  y: 29.0
  z: 52.43771071274243
  yaw: -0.45051298
  pitch: 10.050006
logoutlocation:
  world: spawn
  x: 0.501471513514878
  y: 26.0
  z: -11.017554355767896
  yaw: -43.351257
  pitch: 57.59998
money: '30.0'
