uuid: de1f6942-639c-48dc-90e0-151250fefa3a
timestamps:
  login: 1419865237489
  lastteleport: 1419865453456
  logout: 1419865494262
ipAddress: 84.48.234.71
lastlocation:
  world: spawn
  x: 0.25880039286037615
  y: 29.0
  z: 53.340955067089425
  yaw: -18.600517
  pitch: 5.700021
logoutlocation:
  world: spawn
  x: 1.5124689331128374
  y: 26.0
  z: -6.598046205062087
  yaw: -312.8971
  pitch: 33.899952
money: '30.0'
lastAccountName: opticalrazz50
