uuid: de55e2ce-33fe-4a7e-b89b-a1196b0f1647
timestamps:
  login: 1419043886421
  logout: 1419045297893
  lastteleport: 1419043899180
  kits:
    alpha: 1417015617113
ipAddress: 75.72.150.117
logoutlocation:
  world: spawn
  x: 10.594560476593443
  y: 106.0
  z: -250.05228217601885
  yaw: 106.34896
  pitch: -4.199917
money: '30.0'
lastlocation:
  world: spawn
  x: 1.2175931416644343
  y: 32.0
  z: -2.8580641210979643
  yaw: -345.44412
  pitch: 0.7499981
lastAccountName: epiccrafter612
