uuid: de613094-84dc-448f-bac8-da1e5fb11910
timestamps:
  login: 1424637780456
  lastteleport: 1424637921554
  kits:
    pvp: 1424637834882
    novice: 1424637823729
    color: 1424637838983
    adept: 1424637831482
  logout: 1424638090997
ipAddress: 75.1.139.21
lastlocation:
  world: spawn
  x: -17.752959946015032
  y: 42.0
  z: -6.7319482020621155
  yaw: -277.85156
  pitch: 7.781108
money: '124388.10402173926'
logoutlocation:
  world: spawn
  x: 5.856898128377561
  y: 5.5
  z: -244.71386963032126
  yaw: -269.52643
  pitch: 12.916248
afk: false
lastAccountName: Achooooew
