uuid: df209004-c441-4428-bd28-027e639cbef5
timestamps:
  login: 1420167362985
  logout: 1420167953820
  lastteleport: 1420165851267
  kits:
    novice: 1420167732911
    pvp: 1420167726160
    color: 1420167728961
    alpha: 1416428108463
    adept: 1420167719965
    stoner: 1416436850743
ipAddress: 96.227.64.208
logoutlocation:
  world: plotworld
  x: -23.548549711220712
  y: 66.0
  z: -23.696741143197727
  yaw: 179.84998
  pitch: 18.60002
lastlocation:
  world: mines
  x: 178.16340531736302
  y: 58.0
  z: -9.443771447484936
  yaw: 92.704155
  pitch: 9.7500105
godmode: false
money: '519.2400000000001'
lastAccountName: matt1424
