lastAccountName: theman200
timestamps:
  login: 1424063525706
  lastteleport: 1424063748725
  logout: 1424063844169
ipAddress: 74.195.200.218
lastlocation:
  world: spawn
  x: 10.645509549697541
  y: 106.0
  z: -251.8443024283702
  yaw: 180.5989
  pitch: 3.4501116
logoutlocation:
  world: spawn
  x: 29.205302726030048
  y: 81.0
  z: -1234.9994475410301
  yaw: 289.17697
  pitch: 13.349973
money: '30.0'
