lastAccountName: madfighters
timestamps:
  login: 1420580662979
  lastteleport: 1420581008468
  kits:
    pvp: 1420581035323
    novice: 1420581017120
  logout: 1420581129556
ipAddress: 92.236.42.109
lastlocation:
  world: spawn
  x: 11.729109822611521
  y: 106.0
  z: -251.9707155671546
  yaw: 142.19876
  pitch: 4.050069
logoutlocation:
  world: spawn
  x: -20.540523983662474
  y: 35.0
  z: -6.521788391538121
  yaw: 246.14923
  pitch: -6.0000196
money: '59.25'
