uuid: e00aa840-dabe-46e2-89b1-d1f9eea3d9dd
timestamps:
  login: 1419649883876
  lastteleport: 1419649952667
  logout: 1419650076837
ipAddress: 50.186.208.107
lastlocation:
  world: spawn
  x: 0.5451802116585895
  y: 29.0
  z: 53.33679314632111
  yaw: -0.3005129
  pitch: 5.470808
logoutlocation:
  world: spawn
  x: -7.699999988079069
  y: 26.0
  z: 1.196350000556591
  yaw: -287.7182
  pitch: 40.847992
money: '30.0'
lastAccountName: nerf2012
