uuid: e07e4ce4-216d-48d5-9f52-052f2e9a54cb
timestamps:
  login: 1419490647496
  lastteleport: 1419490741570
  kits:
    novice: 1419490722309
    pvp: 1419490720121
  logout: 1419490880468
ipAddress: 108.11.191.235
lastlocation:
  world: spawn
  x: 24.889070228499904
  y: 114.0
  z: -243.7498399388038
  yaw: -62.37221
  pitch: 16.996311
logoutlocation:
  world: spawn
  x: 1.9914378038339824
  y: 26.0
  z: -10.470538197869644
  yaw: 200.84943
  pitch: 36.378128
money: '46.0'
lastAccountName: zaacharydc
