uuid: e0819313-a6c7-4f8d-ab4b-589f1cb83665
timestamps:
  login: 1423831384456
  lastteleport: 1423831575457
  kits:
    pvp: 1422703022556
    novice: 1422702881661
    color: 1422639560705
    alpha: 1416038558847
    adept: 1422702949377
  logout: 1423831616782
ipAddress: 90.206.236.11
lastlocation:
  world: mines
  x: 249.41378861863348
  y: 61.0
  z: -19.14829732860161
  yaw: 358.20493
  pitch: 2.0999985
money: '22415.202499999952'
logoutlocation:
  world: spawn
  x: 12.541393073126914
  y: 158.0
  z: -256.26502103542174
  yaw: 357.39917
  pitch: 7.6500044
lastAccountName: Remmi2002
