logoutlocation:
  world: spawn
  x: 3.5623536997946057
  y: 33.0
  z: -37.86375315415137
  yaw: 191.70326
  pitch: 20.700026
timestamps:
  logout: 1420930460475
  login: 1420930406573
  lastteleport: 1420664209054
lastAccountName: Booster20
ipAddress: 76.125.138.170
money: '30.0'
lastlocation:
  world: spawn
  x: 0.5383144332199554
  y: 29.5
  z: 53.82741635594191
  yaw: 3.599487
  pitch: 14.999993
