uuid: e1b34a59-a3a4-47a4-9069-ea979cc239b2
timestamps:
  login: 1424459650728
  lastteleport: 1419261180922
  logout: 1424459683659
ipAddress: 99.99.49.61
lastlocation:
  world: spawn
  x: 34.044922982615034
  y: 81.0
  z: -1239.8057830776572
  yaw: 253.22765
  pitch: 3.6145175
logoutlocation:
  world: spawn
  x: -2.670793719477583
  y: 34.0
  z: 11.477879596294134
  yaw: -119.1002
  pitch: 2.9999962
money: '24.0'
lastAccountName: cgedeon
