timestamps:
  lastteleport: 1419465467742
  logout: 1419465488951
lastlocation:
  world: spawn
  x: 0.49059101003876604
  y: 36.0
  z: -21.367649747632427
  yaw: -347.4005
  pitch: 11.249991
logoutlocation:
  world: spawn
  x: 0.6999999880790708
  y: 27.0
  z: -5.68999614145225
  yaw: 16.64956
  pitch: -48.599995
money: '30.0'
lastAccountName: xxxbumperboyxxxx
