lastAccountName: mineshaftkj
timestamps:
  login: 1424207566502
  logout: 1424207611318
ipAddress: 99.35.97.182
logoutlocation:
  world: spawn
  x: -0.2644549906679994
  y: 103.0
  z: 18.25188795671188
  yaw: -113.400055
  pitch: -6.0000515
money: '30.0'
