uuid: e277f2ec-8695-4076-a12d-6bf02809f7b6
timestamps:
  login: 1420083057706
  lastteleport: 1420082825936
  kits:
    novice: 1420081252055
    adept: 1420081613716
  logout: 1420083132960
ipAddress: 172.11.153.34
lastlocation:
  world: spawn
  x: 0.6954599124063227
  y: 124.0
  z: -247.85380971947998
  yaw: -36.19937
  pitch: 22.500006
money: '147096.45'
logoutlocation:
  world: mines
  x: 299.6390464575961
  y: 48.0
  z: -9.166936161920209
  yaw: 5.101847
  pitch: 22.949938
lastAccountName: zaraki20
