lastAccountName: Ryan8966
timestamps:
  login: 1421384403914
  logout: 1421384434268
ipAddress: 108.209.231.94
logoutlocation:
  world: spawn
  x: 0.4342282722936943
  y: 100.0
  z: -2.1762848766317413
  yaw: -0.9000004
  pitch: 7.3499994
money: '30.0'
