lastAccountName: krackedwindow
timestamps:
  login: 1423874766039
  lastteleport: 1423874916468
  logout: 1423875082009
ipAddress: 108.76.153.39
lastlocation:
  world: spawn
  x: 0.5192482679731311
  y: 34.0
  z: 5.7224362373428415
  yaw: 172.05005
  pitch: 67.799995
logoutlocation:
  world: spawn
  x: 0.3495831140126668
  y: 29.0
  z: 53.01938423261884
  yaw: 53.69922
  pitch: 59.54994
money: '30.0'
