lastAccountName: KOT99999
timestamps:
  login: 1421350585394
  lastteleport: 1421354751905
  kits:
    novice: 1421351067600
    pvp: 1421351084704
    color: 1421343158894
  logout: 1421354859227
ipAddress: 84.209.56.39
lastlocation:
  world: mines
  x: 161.67022994921513
  y: 49.0
  z: -7.450912931434246
  yaw: -325.34702
  pitch: -83.1
money: '15588.0125'
logoutlocation:
  world: mines
  x: 158.935546459514
  y: 55.0
  z: -10.45361785538351
  yaw: -49.947144
  pitch: 3.750025
