timestamps:
  lastteleport: 1420596896367
  kits:
    pvp: 1420596042142
    novice: 1420594692257
    color: 1420595146600
    adept: 1420596798376
lastlocation:
  world: mines
  x: 178.37019744209175
  y: 63.0
  z: -5.699999988079071
  yaw: -170.67242
  pitch: 12.068005
money: '6277.189999999999'
logoutlocation:
  world: mines
  x: 155.30000001192093
  y: 53.0
  z: -8.179212128495909
  yaw: -195.39796
  pitch: 39.8434
