uuid: e428014b-6393-48b8-938b-c55c0e5c54c1
timestamps:
  login: 1423961567045
  lastteleport: 1423961668663
  kits:
    novice: 1423535037993
    pvp: 1419358970360
    color: 1423535013489
  logout: 1423961817320
ipAddress: 71.171.106.51
lastlocation:
  world: plotworld
  x: 34.983829037582055
  y: 65.5
  z: 34.19819942898861
  yaw: 297.14902
  pitch: 28.950148
logoutlocation:
  world: plotworld
  x: -59.670331511238444
  y: 51.0
  z: 45.35583122904569
  yaw: 97.64999
  pitch: 47.549927
money: '24221.750000000004'
lastAccountName: gymgal1
