uuid: e45a03e1-0724-456f-827c-082b587da585
timestamps:
  login: 1419383553187
  lastteleport: 1419383690477
  logout: 1419383725682
ipAddress: 50.5.96.206
lastlocation:
  world: spawn
  x: 0.5
  y: 37.0
  z: -6.5
  yaw: -180.15056
  pitch: 1.6499914
logoutlocation:
  world: spawn
  x: 23.5
  y: 114.0
  z: -244.5
  yaw: 90.59884
  pitch: 19.200071
money: '32.75'
lastAccountName: mtt44
