lastAccountName: Leshka5
timestamps:
  login: 1423503241222
  logout: 1423503256183
ipAddress: 83.89.42.48
logoutlocation:
  world: spawn
  x: 14.645112023850379
  y: 81.5
  z: -1239.2541068210735
  yaw: 193.32639
  pitch: 10.800003
money: '30.0'
