uuid: e51d2c15-52ef-4a48-b9ec-d3025bfcb707
timestamps:
  login: 1424658684199
  kits:
    expert: 1421880766102
    pvp: 1420170829631
    novice: 1421969397022
    color: 1419993490177
    guard: 1421880815149
    alpha: 1417483428425
    changelog: 1421880835504
    adept: 1422072476263
    stoner: 1417383285774
  lastteleport: 1424658917006
  logout: 1424658938714
  lastheal: 1418780198572
ipAddress: 72.172.211.22
lastlocation:
  world: world_the_end
  x: 11.469983953641439
  y: 62.0
  z: -78.27054144825858
  yaw: 180.90015
  pitch: 44.400013
money: '38450449.31'
logoutlocation:
  world: spawn
  x: 14.262575561483812
  y: 140.5
  z: -253.0144707634274
  yaw: -163.84924
  pitch: 6.300047
afk: false
godmode: false
socialspy: false
nickname: §4B§5u§4g
lastAccountName: Buggers99
