uuid: e570581f-4093-4dd0-819f-c977323eacee
timestamps:
  login: 1419313134349
  lastteleport: 1419314062864
  logout: 1419314141286
  kits:
    adept: 1419314031098
ipAddress: 75.54.219.189
lastlocation:
  world: spawn
  x: 11.543271587749526
  y: 123.0625
  z: -250.2525814836985
  yaw: -188.06458
  pitch: 9.43316
logoutlocation:
  world: mines
  x: 156.51035043559872
  y: 64.0
  z: -3.963477003529277
  yaw: -176.9969
  pitch: 33.45
money: '18534.0'
lastAccountName: bluberry669
