timestamps:
  lastteleport: 1417108057874
  kits:
    alpha: 1417108044872
  logout: 1417108103517
lastlocation:
  world: spawn
  x: 19.55861632788439
  y: 35.0
  z: -10.13156075634069
  yaw: 95.55289
  pitch: -8.550029
logoutlocation:
  world: spawn
  x: -3.3348725122310223
  y: 33.0
  z: -28.546577623787446
  yaw: -249.60077
  pitch: -90.0
money: '30.0'
lastAccountName: alex11702
