lastAccountName: PancakeFlake1181
timestamps:
  login: 1424123790298
  lastteleport: 1424125730068
  logout: 1424132597265
ipAddress: 95.147.104.180
lastlocation:
  world: mines
  x: -8.797751010052277
  y: 63.0
  z: -4.710576651954906
  yaw: 43.802723
  pitch: 30.150003
money: '5.860000000000014'
afk: false
