lastAccountName: OpRaidz
timestamps:
  login: 1420769216837
  lastteleport: 1420769309159
  logout: 1420769309408
ipAddress: 96.240.135.60
lastlocation:
  world: spawn
  x: 14.835889234081431
  y: 114.0
  z: -738.6807625316479
  yaw: -54.19681
  pitch: 28.95
logoutlocation:
  world: spawn
  x: 9.142227283738203
  y: 82.0
  z: -1237.493568369704
  yaw: 89.826904
  pitch: 0.1499731
money: '30.0'
