uuid: e8d03986-379c-457f-bed0-d46460220bc9
timestamps:
  login: 1418346968630
  lastteleport: 1418348149433
  kits:
    novice: 1418347080753
    pvp: 1418347071854
  logout: 1418348689557
ipAddress: 50.160.105.27
lastlocation:
  world: mines
  x: -5.555962870415353
  y: 63.0
  z: -8.67767980024127
  yaw: -88.347534
  pitch: 11.100013
money: '375.0'
logoutlocation:
  world: plotworld
  x: 8.412494575188061
  y: 65.0
  z: 31.735907932172196
  yaw: -136.35022
  pitch: 13.650013
lastAccountName: samwowpow
