uuid: e9356199-1f66-41d2-8cc2-54f539817b57
timestamps:
  login: 1421668498382
  lastteleport: 1420171039445
  kits:
    color: 1416397570594
    alpha: 1416396065134
  logout: 1421668556447
ipAddress: 101.103.186.154
lastlocation:
  world: mines
  x: 11.42663699965884
  y: 63.0
  z: -9.247367088494627
  yaw: -169.49768
  pitch: 35.250008
money: '30.0'
logoutlocation:
  world: spawn
  x: 0.4576953690373362
  y: 105.5
  z: 14.479733379672124
  yaw: 4.3500004
  pitch: 26.699997
lastAccountName: spawn07
