lastAccountName: BourgeoisPig
timestamps:
  login: 1420937366591
  lastteleport: 1420937703233
  logout: 1420937789300
ipAddress: 184.153.137.169
lastlocation:
  world: spawn
  x: 12.503279937896878
  y: 106.0
  z: -251.69314203804504
  yaw: 143.24881
  pitch: 4.0500436
logoutlocation:
  world: spawn
  x: 23.95641358950362
  y: 36.0
  z: -11.502466445250906
  yaw: 90.899475
  pitch: 21.599977
money: '0.0625'
