uuid: eb48a243-3d1c-4bfa-adff-d3143b1cbf41
timestamps:
  login: 1419864566812
  lastteleport: 1419813793547
  kits:
    novice: 1419813412157
    color: 1419813824065
    adept: 1419813699562
  logout: 1419864648638
ipAddress: 99.237.255.45
lastlocation:
  world: mines
  x: 238.6990636334489
  y: 62.0
  z: -19.59134558291218
  yaw: -56.46926
  pitch: 15.490392
money: '64810.02'
logoutlocation:
  world: mines
  x: 290.7486047832628
  y: 73.0
  z: -9.300000011920927
  yaw: -89.532005
  pitch: 20.703936
lastAccountName: aidanyuen929
