uuid: eb4cdd94-0dea-4d62-8f58-c5159d7a2f12
timestamps:
  login: 1419376695209
  lastteleport: 1419376878060
  kits:
    pvp: 1419376796538
    novice: 1419376790086
  logout: 1419376883054
ipAddress: 96.40.74.109
lastlocation:
  world: spawn
  x: 0.24648434553230328
  y: 33.0
  z: -38.02009837274941
  yaw: 201.00288
  pitch: 2.5500066
logoutlocation:
  world: spawn
  x: 23.5
  y: 114.0
  z: -244.5
  yaw: 90.59884
  pitch: 19.200071
money: '30.0'
lastAccountName: nijacatman101
