lastAccountName: Brndn004
timestamps:
  login: 1421036209049
  lastteleport: 1421035397866
  kits:
    pvp: 1421035208671
    novice: 1421035200420
  logout: 1421036266921
ipAddress: 24.49.37.248
lastlocation:
  world: spawn
  x: 11.79984485630694
  y: 106.0
  z: -252.64921927489553
  yaw: 143.39871
  pitch: 0.7500628
logoutlocation:
  world: spawn
  x: 1.1315865426210752
  y: 32.0
  z: -7.833575445187401
  yaw: 358.64938
  pitch: 20.55003
money: '67.74000000000001'
