uuid: ebf3270f-f5d7-4f87-91d6-cb3aa8078a72
timestamps:
  login: 1419564563860
  lastteleport: 1419564607413
  kits:
    pvp: 1419472852319
    novice: 1419472833279
  logout: 1419564616321
ipAddress: 110.22.65.170
lastlocation:
  world: spawn
  x: 24.425820448666922
  y: 114.0
  z: -243.40647574584807
  yaw: 129.14911
  pitch: 45.600014
money: '5030.0'
logoutlocation:
  world: spawn
  x: 0.46273810095456264
  y: 101.0
  z: -9.16925242033612
  yaw: 5.1000004
  pitch: 34.65
lastAccountName: emeraldguy222
