uuid: ec1375ec-7d19-4f96-b08b-31017a55ab51
timestamps:
  login: 1422753442844
  lastteleport: 1422754469610
  logout: 1422754527349
  kits:
    novice: 1422754259068
    pvp: 1420068212918
    color: 1419970795260
ipAddress: 72.135.123.177
lastlocation:
  world: spawn
  x: 14.5
  y: 81.5
  z: -1237.5
  yaw: 89.826904
  pitch: 0.1499731
logoutlocation:
  world: spawn
  x: 14.5
  y: 81.5
  z: -1237.5
  yaw: 88.77692
  pitch: 1.4999729
money: '19162.155217391308'
lastAccountName: MONKEYBOY627
