lastAccountName: drk2004
timestamps:
  login: 1424446804177
  lastteleport: 1424446897871
  kits:
    pvp: 1424446937579
  logout: 1424446948880
ipAddress: 24.209.11.119
lastlocation:
  world: spawn
  x: 0.9915380497806272
  y: 29.0
  z: 32.34773649331488
  yaw: 3.4221857
  pitch: -3.5720491
logoutlocation:
  world: spawn
  x: -0.6207784657830442
  y: 26.0
  z: -8.466972992117164
  yaw: 197.59021
  pitch: -60.988537
money: '30.0'
