lastAccountName: SoulDestroyer7
timestamps:
  login: 1422116403465
  lastteleport: 1422117650314
  logout: 1422117858038
ipAddress: 86.10.232.232
lastlocation:
  world: mines
  x: -12.917454705556537
  y: 63.0
  z: -17.435322942779187
  yaw: 2.7021484
  pitch: 15.899946
money: '14.75'
logoutlocation:
  world: mines
  x: 24.326838513317284
  y: 63.0
  z: -8.341410128850534
  yaw: -258.89764
  pitch: 23.400011
