lastAccountName: frostyskate
timestamps:
  login: 1421634600105
  lastteleport: 1421634642431
  logout: 1421634647280
ipAddress: 108.170.165.142
lastlocation:
  world: spawn
  x: 0.6168481784407049
  y: 29.0
  z: 38.14055498599279
  yaw: -1.650513
  pitch: -7.199997
logoutlocation:
  world: spawn
  x: 0.4886816851212643
  y: 33.5
  z: -27.15854264170519
  yaw: -179.70058
  pitch: 10.349991
money: '30.0'
