uuid: ecec2f34-bce4-4817-bb54-e70080ee7249
timestamps:
  login: 1422088790975
  lastteleport: 1416642503703
  kits:
    color: 1416389033215
    alpha: 1416388118853
    stoner: 1416632940945
  logout: 1422088803079
ipAddress: 119.236.226.208
lastlocation:
  world: mines
  x: 68.98164771641405
  y: 58.0
  z: -10.66911072101051
  yaw: -273.30078
  pitch: 31.049995
money: '30.0'
logoutlocation:
  world: spawn
  x: 8.510043107520683
  y: 82.0
  z: -1237.3974927658655
  yaw: 86.67638
  pitch: 7.500002
lastAccountName: Garfield100
