lastAccountName: VntagePvP
timestamps:
  login: 1424106375051
  logout: 1424106379850
ipAddress: 142.255.35.246
logoutlocation:
  world: spawn
  x: 12.99264304945988
  y: 81.5
  z: -1237.525359676869
  yaw: 88.3264
  pitch: 13.65
money: '30.0'
