uuid: ed6bd55b-cdb4-4a01-8b65-313b37cc4f1a
timestamps:
  login: 1416390904385
  lastteleport: 1416390974589
  logout: 1416391147294
ipAddress: 222.155.61.235
lastlocation:
  world: spawn
  x: 0.5835167575874225
  y: 34.0
  z: 9.011700712770894
  yaw: -230.10086
  pitch: -2.2499871
logoutlocation:
  world: spawn
  x: 1.6466516402910827
  y: 37.0
  z: -6.240955806319671
  yaw: 83.09927
  pitch: 11.550001
money: '30.0'
lastAccountName: kieranbox
