lastAccountName: Lordenization
timestamps:
  login: 1420877855980
  lastteleport: 1420854219479
  kits:
    novice: 1420740898961
    adept: 1420751321349
  logout: 1420877859026
ipAddress: 66.58.203.201
lastlocation:
  world: spawn
  x: 7.390585683544513
  y: 123.0625
  z: -244.58021122439882
  yaw: -270.20007
  pitch: 0.6000103
money: '374027.1143478261'
logoutlocation:
  world: mines
  x: 349.14190041010636
  y: 48.0
  z: -14.303754688659678
  yaw: -79.497345
  pitch: -3.9815905E-6
