lastAccountName: Eliasnataniel29
timestamps:
  login: 1424633413669
  lastteleport: 1424634106227
  logout: 1424634838463
ipAddress: 83.233.110.99
lastlocation:
  world: spawn
  x: 14.012499988079071
  y: 6.0
  z: -241.69999998807907
  yaw: -243.4853
  pitch: 15.536348
logoutlocation:
  world: spawn
  x: -2.074999988079071
  y: 32.0
  z: 1.4904535839964401
  yaw: 20.17142
  pitch: 26.716805
money: '164.04999999999998'
