uuid: eecfa2f7-a247-471a-bd05-e5517c1a39f1
timestamps:
  login: 1419112654626
  lastteleport: 1419115739473
  kits:
    novice: 1419112790400
  logout: 1419116897457
ipAddress: 73.26.213.249
lastlocation:
  world: spawn
  x: -21.137031841665713
  y: 35.0
  z: -6.235363943434995
  yaw: -259.50024
  pitch: 3.4499924
money: '21.0'
logoutlocation:
  world: spawn
  x: 7.632261877780599
  y: 55.0
  z: -8.870172330903053
  yaw: -283.95142
  pitch: 6.4499865
lastAccountName: shelbeldingdong
