uuid: ef6f939c-106b-49a0-ba9a-677ead57a156
timestamps:
  login: 1417217158519
  lastteleport: 1416530650260
  kits:
    color: 1416797445031
    alpha: 1416528428895
    stoner: 1416797425124
  logout: 1417217217089
ipAddress: 64.180.176.78
lastlocation:
  world: spawn
  x: 20.074991481293736
  y: 35.5
  z: -12.285689847651188
  yaw: 129.30293
  pitch: 5.399966
money: '70.0'
logoutlocation:
  world: plotworld
  x: 0.7640330520948184
  y: -76.0097565864682
  z: 10.391379638292541
  yaw: 144.00017
  pitch: 60.749985
lastAccountName: asfbajin
