lastAccountName: technobookworm
timestamps:
  login: 1421632913014
  lastteleport: 1421633002079
  kits:
    color: 1421633072831
  logout: 1421633114015
ipAddress: 71.12.173.88
lastlocation:
  world: spawn
  x: 0.26491343284552293
  y: 29.0
  z: 49.873021896815274
  yaw: 148.70703
  pitch: 10.224365
logoutlocation:
  world: spawn
  x: -0.5072137933593046
  y: 55.0
  z: 7.916643329334221
  yaw: -140.96906
  pitch: 39.55913
money: '130.0'
