lastAccountName: TryHardGamingUK
timestamps:
  login: 1420301121233
  logout: 1420301197620
ipAddress: 86.146.114.118
logoutlocation:
  world: spawn
  x: 0.6999999880790715
  y: 101.0
  z: -12.020835915943875
  yaw: 79.36158
  pitch: 64.93248
money: '30.0'
