lastAccountName: zenzac
timestamps:
  login: 1422667925874
  lastteleport: 1422638627593
  kits:
    pvp: 1422205163098
    novice: 1422638341441
    color: 1422311749971
    adept: 1422637603185
  logout: 1422667952181
ipAddress: 24.93.124.244
money: '18665.607173913046'
lastlocation:
  world: mines
  x: 670.3353000094531
  y: 67.0
  z: -17.43096995397974
  yaw: -171.89719
  pitch: 7.1999593
logoutlocation:
  world: mines
  x: 211.12698973594476
  y: 63.0
  z: -7.891664437845863
  yaw: 112.50491
  pitch: 19.499971
