uuid: f1aef59a-ce26-4157-bd41-9c068e34c8bc
timestamps:
  login: 1420400122538
  lastteleport: 1420070130356
  kits:
    pvp: 1420068759269
    color: 1420068950858
  logout: 1420400126763
ipAddress: 76.16.54.101
lastlocation:
  world: mines
  x: 24.934104385525114
  y: 63.0
  z: -6.7027103629779266
  yaw: -15.555415
  pitch: 23.800102
logoutlocation:
  world: spawn
  x: -21.1755168224389
  y: 35.0
  z: -6.526903794907412
  yaw: 96.04966
  pitch: 11.112952
money: '111.25'
lastAccountName: lionzhu
