timestamps:
  lastteleport: 1424639657875
  kits:
    pvp: 1418336047686
    novice: 1418322448516
    adept: 1418321502605
  logout: 1424639806032
  login: 1424638606000
lastlocation:
  world: plotworld
  x: -100.86086456062466
  y: 65.0
  z: 42.212413970731546
  yaw: 46.499676
  pitch: 39.89999
money: '54442.840000000004'
logoutlocation:
  world: spawn
  x: -18.43193313596523
  y: 75.0
  z: -246.61846443092676
  yaw: 277.18005
  pitch: 20.099972
uuid: f1b13a66-3d65-4a6e-9472-9c9bcae2f135
ipAddress: 70.122.243.31
lastAccountName: MrVeyron
afk: false
