lastAccountName: ya647
timestamps:
  login: 1420982106081
  logout: 1420983888103
  lastteleport: 1420983792782
  kits:
    adept: 1420983701824
ipAddress: 86.19.108.212
logoutlocation:
  world: mines
  x: 662.18914492786
  y: 68.0
  z: -6.9009573493030745
  yaw: 107.40289
  pitch: -13.350039
money: '10723.713152173914'
lastlocation:
  world: mines
  x: 672.3000000119209
  y: 59.0
  z: -13.103122182233486
  yaw: 99.603516
  pitch: -34.05
