lastAccountName: CamtheHunter2001
timestamps:
  login: 1421798445039
  logout: 1421798450742
ipAddress: 108.74.128.92
logoutlocation:
  world: spawn
  x: -0.007403742921840428
  y: 34.0
  z: 8.33674503528875
  yaw: 312.0001
  pitch: 18.299992
money: '30.0'
