lastAccountName: obsidian_ultimus
timestamps:
  login: 1422401019446
  lastteleport: 1422402069597
  kits:
    expert: 1422316271786
    novice: 1421951242780
    pvp: 1422401460189
    color: 1421868532366
    adept: 1421946528054
  logout: 1422402072797
  jail: 0
ipAddress: 32.214.255.36
money: '120317.00463768086'
lastlocation:
  world: spawn
  x: -18.431261677864377
  y: 75.0
  z: -240.74176401573476
  yaw: -196.51874
  pitch: 7.2000175
logoutlocation:
  world: spawn
  x: 10.645410155883512
  y: 82.0
  z: -1237.49743212045
  yaw: 89.826904
  pitch: 0.1499731
jailed: false
