uuid: f3346fcd-6519-449d-982a-0babb4445f33
timestamps:
  login: 1418397756459
  lastteleport: 1418398436752
  logout: 1418398454158
ipAddress: 50.53.55.16
lastlocation:
  world: spawn
  x: -0.4249985986378485
  y: 28.0
  z: -4.051944582091441
  yaw: 42.056545
  pitch: 46.234856
logoutlocation:
  world: spawn
  x: 0.12228475216275127
  y: 36.0
  z: -19.881230710719016
  yaw: -179.67688
  pitch: 6.466492
money: '75.0'
lastAccountName: eodi
