lastAccountName: DemonGlitch208
timestamps:
  login: 1420647717465
  logout: 1420647734410
ipAddress: 199.188.65.142
logoutlocation:
  world: spawn
  x: 14.402331425642885
  y: 82.0
  z: -1235.7230017269808
  yaw: 163.62639
  pitch: -11.400002
money: '30.0'
