lastAccountName: General_Mutt1233
timestamps:
  login: 1424631326190
  lastteleport: 1424632067240
  kits:
    novice: 1421209725791
    pvp: 1421209713489
  logout: 1424632288702
ipAddress: 68.201.107.36
lastlocation:
  world: spawn
  x: 11.3781908804855
  y: 82.0
  z: -1231.709983781725
  yaw: 61.54108
  pitch: 3.144939
logoutlocation:
  world: parkour
  x: -32.95015378484828
  y: 80.0
  z: -31.618131442835526
  yaw: -196.97313
  pitch: 4.9916086
money: '175.17000000000002'
