lastAccountName: RYANNOOBS
timestamps:
  login: 1423267188696
  lastteleport: 1423268156656
  logout: 1423268278846
ipAddress: 120.146.185.22
lastlocation:
  world: spawn
  x: -1.0029646965689312
  y: 55.0
  z: -13.796953582617173
  yaw: 230.2514
  pitch: 3.8999953
logoutlocation:
  world: spawn
  x: -22.459894247387634
  y: 35.0
  z: -7.215150958552368
  yaw: -95.550385
  pitch: -13.200008
money: '166.0'
