uuid: f49918c7-0253-4e02-9402-5160eb0813cc
timestamps:
  login: 1418847060208
  lastteleport: 1418847121194
  logout: 1418847171993
ipAddress: 76.66.97.17
lastlocation:
  world: spawn
  x: 0.5106545985909179
  y: 29.0
  z: 25.017257318286177
  yaw: -0.3005128
  pitch: -29.549994
logoutlocation:
  world: spawn
  x: 2.6402409644902924
  y: 26.0
  z: -8.827724002627013
  yaw: -185.55266
  pitch: 28.133844
money: '30.0'
lastAccountName: xxtrent123xx
