uuid: f537d0c5-4c8d-44b2-ba61-4709fc926b4c
timestamps:
  login: 1419830503133
  lastteleport: 1419832495458
  kits:
    pvp: 1419830790355
    novice: 1419830782354
  logout: 1419832626754
ipAddress: 75.88.176.21
lastlocation:
  world: spawn
  x: 8.019131328870925
  y: 55.0
  z: -5.442528395358799
  yaw: 168.15332
  pitch: 1.0498923
money: '50.18000000000001'
logoutlocation:
  world: mines
  x: 12.34979835629862
  y: 62.0
  z: -9.799933732022287
  yaw: 232.26215
  pitch: 15.789115
lastAccountName: tttamenojr
