uuid: f55125fe-6bb0-4d09-82c0-2e45580c028e
timestamps:
  login: 1417310856986
  lastteleport: 1417311229552
  logout: 1417311271656
ipAddress: 71.114.49.143
lastlocation:
  world: spawn
  x: 0.7880694246106089
  y: 107.0
  z: -245.55533505792542
  yaw: 248.54994
  pitch: 26.09995
logoutlocation:
  world: spawn
  x: -21.357702147405234
  y: 35.0
  z: -6.707696590867015
  yaw: -82.95052
  pitch: 1.0500011
money: '31.5'
lastAccountName: badmaddie
