uuid: f5cf269d-0b1d-4279-8165-de8f1759b394
timestamps:
  login: 1420212594460
  lastteleport: 1420212718744
  kits:
    pvp: 1420212708641
    novice: 1420212691482
  logout: 1420212828728
ipAddress: 65.93.5.106
lastlocation:
  world: spawn
  x: 0.45229661744216576
  y: 29.0
  z: 53.374841084898435
  yaw: -0.51028544
  pitch: 8.211596
logoutlocation:
  world: spawn
  x: 1.5288982833603117
  y: 31.0
  z: -8.244642305564593
  yaw: -179.86572
  pitch: 23.612436
money: '30.0'
lastAccountName: p_stman
