uuid: f5dcb92d-0580-4e07-9c64-c528380e48c8
timestamps:
  login: 1420566923959
  lastteleport: 1420121345640
  kits:
    pvp: 1420120410740
    novice: 1420120273938
  logout: 1420566931537
ipAddress: 94.6.196.59
lastlocation:
  world: spawn
  x: 3.4447772879446843
  y: 250.0
  z: -244.5034475954471
  yaw: 88.4086
  pitch: 7.2579484
logoutlocation:
  world: spawn
  x: 8.175607084437768
  y: 82.0
  z: -1237.166105894942
  yaw: 177.52257
  pitch: 0.1746186
money: '57.0'
lastAccountName: building_nun
