lastAccountName: urmum555
timestamps:
  login: 1420981765394
  logout: 1420981771869
ipAddress: 82.12.253.117
logoutlocation:
  world: spawn
  x: 14.461826923640048
  y: 81.5
  z: -1237.536211174398
  yaw: 98.6764
  pitch: -0.300001
money: '30.0'
