lastAccountName: valky_natividad
timestamps:
  login: 1422501292531
  lastteleport: 1422443087136
  logout: 1422501330473
  kits:
    pvp: 1422443141901
ipAddress: 205.206.139.15
lastlocation:
  world: spawn
  x: -8.364743310355056
  y: 42.0
  z: -2.3284487443731336
  yaw: -154.05023
  pitch: 13.050004
logoutlocation:
  world: spawn
  x: 0.4636890345869234
  y: 37.0625
  z: -8.907518398547095
  yaw: 281.69946
  pitch: 9.149985
money: '932.9375'
