lastAccountName: xXBossAssasinXx
timestamps:
  login: 1423528633323
  lastteleport: 1423454424320
  kits:
    expert: 1422222124582
    pvp: 1421640577831
    novice: 1422640034885
    color: 1421606831784
    adept: 1421688361027
  logout: 1423528789163
ipAddress: 76.115.183.90
lastlocation:
  world: mines
  x: 493.9760449846399
  y: 48.0
  z: -7.704464093827191
  yaw: -251.69577
  pitch: -86.40001
afk: false
money: '2944752.280000001'
logoutlocation:
  world: world_the_end
  x: -205.61741175406416
  y: 31.0
  z: 20.820465139099984
  yaw: 329.69965
  pitch: 19.350008
