uuid: f76ccaa1-dd55-4deb-bb69-82b0a4d89206
timestamps:
  login: 1418355625816
  lastteleport: 1418355735336
  kits:
    pvp: 1418355720080
    novice: 1418355716179
  logout: 1418355740307
ipAddress: 98.116.111.243
lastlocation:
  world: spawn
  x: 0.3179346832183553
  y: 29.0
  z: 53.02319171766959
  yaw: -1.5005124
  pitch: 2.8500369
logoutlocation:
  world: spawn
  x: 20.802288180451768
  y: 110.5
  z: -234.97343898638968
  yaw: 125.54885
  pitch: 33.900078
money: '30.0'
lastAccountName: jayray21
