logoutlocation:
  world: spawn
  x: 0.5
  y: 37.0
  z: -6.5
  yaw: -180.15056
  pitch: 1.6499914
timestamps:
  logout: 1418457180358
  login: 1418456768363
  lastteleport: 1418457179312
  kits:
    novice: 1418456983907
money: '9930.0'
uuid: f8cb76ba-4dd7-472f-b048-051310b8e442
ipAddress: 92.20.255.239
lastlocation:
  world: spawn
  x: 0.7852417606552555
  y: 55.0
  z: 4.48627506373151
  yaw: -174.44846
  pitch: 25.8
lastAccountName: bobstevegary1
