lastAccountName: ben7young
timestamps:
  login: 1424220531682
  lastteleport: 1424130976676
  kits:
    novice: 1424129048219
  logout: 1424220673158
ipAddress: 70.74.224.122
lastlocation:
  world: mines
  x: 101.23752923604587
  y: 63.5
  z: -3.031261118322762
  yaw: 12.589663
  pitch: 8.421802
logoutlocation:
  world: mines
  x: 697.6999999880791
  y: 78.0
  z: -12.300000011920929
  yaw: 337.94464
  pitch: 47.82824
money: '550.9099999999999'
