lastAccountName: alpha5555
timestamps:
  login: 1424557032265
  lastteleport: 1424400413356
  kits:
    expert: 1423857731166
    novice: 1422668849042
    pvp: 1422213521338
    color: 1422237181789
    adept: 1422234235730
  logout: 1424557103948
ipAddress: 67.167.230.80
lastlocation:
  world: mines
  x: 409.4272423597499
  y: 67.0
  z: -4.043886712768957
  yaw: 17.252396
  pitch: 5.5500197
logoutlocation:
  world: plotworld
  x: -20.237500011920936
  y: 64.0
  z: 90.69999998807909
  yaw: -193.04999
  pitch: 19.499947
money: '62223602.62018114'
afk: false
