uuid: f92b0c0e-686c-424a-94ad-a2848d29ee90
timestamps:
  login: 1417823868265
  logout: 1417824012527
  lastteleport: 1417823994467
ipAddress: 77.102.200.206
logoutlocation:
  world: spawn
  x: 20.647385166329112
  y: 106.0
  z: -246.4612549189719
  yaw: -22.349806
  pitch: 19.199965
lastlocation:
  world: spawn
  x: 0.49760258230157445
  y: 33.0
  z: -38.15346499719702
  yaw: -174.60059
  pitch: 7.199991
money: '30.0'
lastAccountName: connorroony
