timestamps:
  lastteleport: 1419571785195
  logout: 1419571786529
lastlocation:
  world: spawn
  x: 0.29101445410306875
  y: 34.0
  z: 9.588967066777208
  yaw: 212.32054
  pitch: 10.92938
logoutlocation:
  world: spawn
  x: 0.9111433480899775
  y: 29.0
  z: 26.69999998807907
  yaw: -2.6996443
  pitch: 10.968672
money: '30.0'
lastAccountName: vindicatemc
