uuid: f9af2747-f20d-449b-b969-80c1e869c8ac
timestamps:
  login: 1417827599589
  lastteleport: 1417828627203
  kits:
    pvp: 1417651781580
    novice: 1417651771379
    color: 1417652295667
  logout: 1417829610679
ipAddress: 68.149.41.109
lastlocation:
  world: mines
  x: 185.3547415690176
  y: 58.0
  z: -9.143238999177449
  yaw: -164.39551
  pitch: 1.5000409
money: '8189.284615384615'
logoutlocation:
  world: mines
  x: 123.4021929840024
  y: 63.0
  z: -9.316027370946415
  yaw: -145.34767
  pitch: 43.650032
lastAccountName: dustybonss
