lastAccountName: endertolga
timestamps:
  login: 1422974078645
  lastteleport: 1422974292610
  logout: 1422974305601
ipAddress: 151.250.6.191
lastlocation:
  world: spawn
  x: 18.77008870071391
  y: 36.0
  z: -1.4371144687268398
  yaw: 340.6529
  pitch: 22.049923
money: '49930.0'
logoutlocation:
  world: spawn
  x: -31.5
  y: 79.0
  z: -244.5
  yaw: 266.6803
  pitch: 31.350006
