lastAccountName: Paul0139
timestamps:
  login: 1422206522293
  lastteleport: 1422207085213
  logout: 1422207158279
  kits:
    expert: 1421605629085
    novice: 1421689494504
    adept: 1421603113793
  jail: 0
ipAddress: 80.229.18.17
lastlocation:
  world: mines
  x: 606.9922759195977
  y: 48.0
  z: -12.322279195132323
  yaw: -13.033256
  pitch: 27.450006
money: '0.0'
logoutlocation:
  world: mines
  x: 603.083798708601
  y: 63.0
  z: -15.563694561176103
  yaw: 295.0667
  pitch: 5.813266
jailed: false
afk: false
