uuid: fb73a3ed-2830-49ad-9404-9612e967fda6
timestamps:
  login: 1416398811917
  lastteleport: 1416399031800
  kits:
    alpha: 1416399052204
  logout: 1416399139087
ipAddress: 137.118.245.190
lastlocation:
  world: spawn
  x: -0.17879580088998787
  y: 34.0
  z: 10.022848679463573
  yaw: -175.80055
  pitch: -5.099998
money: '38.0'
logoutlocation:
  world: spawn
  x: -15.10622043064038
  y: 36.0
  z: -6.86713780039356
  yaw: 277.94943
  pitch: 5.2499886
lastAccountName: tygrix
