lastAccountName: jamiescottroxs
timestamps:
  login: 1422324813019
  logout: 1422324871751
ipAddress: 50.43.32.30
logoutlocation:
  world: spawn
  x: 40.742425587718266
  y: 82.0
  z: -1237.8505625952396
  yaw: 132.76688
  pitch: 27.22713
money: '30.0'
