uuid: fcf0d60b-1fd8-48d9-b967-8d9cf913df8d
timestamps:
  login: 1419094103613
  lastteleport: 1419094547263
  kits:
    novice: 1418080626575
    pvp: 1418082160071
    color: 1418080519149
    adept: 1418253722809
  logout: 1419094595494
ipAddress: 32.209.134.15
lastlocation:
  world: mines
  x: 300.4899715933795
  y: 48.0
  z: -6.932874365787136
  yaw: -157.79736
  pitch: 3.2999988
money: '455125.52025083615'
afk: false
logoutlocation:
  world: mines
  x: 296.0380361480151
  y: 73.0
  z: -10.16582780078092
  yaw: -37.04738
  pitch: 27.30002
lastAccountName: krwz_vill
