lastAccountName: ZaCOW385
timestamps:
  login: 1422974648864
  lastteleport: 1422974923521
  kits:
    novice: 1422974718152
    adept: 1422974713349
  logout: 1422974959420
ipAddress: 94.246.80.1
money: '199109.23'
lastlocation:
  world: mines
  x: 210.4125296813508
  y: 63.0
  z: -21.391686000603137
  yaw: -140.57265
  pitch: 29.121284
logoutlocation:
  world: mines
  x: 333.417833439339
  y: 63.0
  z: -14.132804117517601
  yaw: 9.733344
  pitch: 17.161201
