lastAccountName: Akaweke
timestamps:
  login: 1423608893118
  lastteleport: 1423612688912
  kits:
    pvp: 1423610185971
    color: 1423610131263
    adept: 1423610099703
  logout: 1423612850912
ipAddress: 70.210.36.178
lastlocation:
  world: plotworld
  x: -101.14361320454836
  y: 65.0
  z: -135.56229606662993
  yaw: 1.6478271
  pitch: 4.350001
money: '1370.0789855073187'
logoutlocation:
  world: plotworld
  x: -40.54052993344263
  y: 65.5
  z: -93.30000001192093
  yaw: 4.8828125E-4
  pitch: 5.2500095
