uuid: fd5cc86c-3917-4f48-926f-07d712e2bf7c
timestamps:
  login: 1420940348053
  lastteleport: 1420787888833
  logout: 1420940925463
ipAddress: 70.173.209.23
lastlocation:
  world: spawn
  x: 34.09222444146498
  y: 81.0
  z: -1237.670465044997
  yaw: 250.32623
  pitch: 1.6503242
logoutlocation:
  world: spawn
  x: 20.283942633044873
  y: 35.5
  z: -11.99856220836139
  yaw: -172.9516
  pitch: 10.650007
money: '54.72'
lastAccountName: Zackie_Chan42
