lastAccountName: Zordlox
timestamps:
  login: 1422555171931
  logout: 1422555558708
  lastteleport: 1422555503998
  kits:
    pvp: 1422555330813
    novice: 1422555319902
ipAddress: 108.20.47.211
money: '50164.06'
logoutlocation:
  world: spawn
  x: -0.7387017236120268
  y: 33.0
  z: -37.70516006141651
  yaw: -269.66806
  pitch: -1.3500274
lastlocation:
  world: spawn
  x: 0.5025368091883138
  y: 29.0
  z: 21.57273600604227
  yaw: -0.3005128
  pitch: -29.549994
