lastAccountName: stampy7longhead
timestamps:
  login: 1420996147366
  lastteleport: 1420997213330
  logout: 1420997277541
ipAddress: 109.255.245.144
lastlocation:
  world: mines
  x: 127.69999998807907
  y: 48.0
  z: -13.559748393703064
  yaw: -94.9476
  pitch: 41.999977
money: '3653.815217391304'
logoutlocation:
  world: mines
  x: 132.38003524847392
  y: 61.0
  z: -12.511112025463785
  yaw: -164.99753
  pitch: 68.40003
