uuid: fef46638-2d71-4297-bb2a-debcaa3a5b15
timestamps:
  login: 1417841678569
  lastteleport: 1417845438980
  kits:
    color: 1417843711005
  logout: 1417845655619
ipAddress: 66.225.165.80
lastlocation:
  world: spawn
  x: 0.17698517324780141
  y: 102.0
  z: -11.966727180697303
  yaw: -0.30044556
  pitch: 4.6500034
money: '145.5'
logoutlocation:
  world: spawn
  x: -4.873151393322006E-4
  y: 29.0
  z: 16.461026356392047
  yaw: -163.8006
  pitch: -56.699997
lastAccountName: candycane200
