uuid: ff819513-bb14-4a96-aa28-ef27d525ba26
timestamps:
  login: 1419089907196
  lastteleport: 1419090758174
  logout: 1419090810514
ipAddress: 72.74.179.172
lastlocation:
  world: spawn
  x: 10.343994324298217
  y: 106.0
  z: -253.1936009233943
  yaw: 184.94887
  pitch: 7.2000732
logoutlocation:
  world: spawn
  x: 1.026996122887467
  y: 33.5
  z: 1.1473200282876757
  yaw: -3.1505246
  pitch: -2.1630525E-5
money: '75.5'
lastAccountName: xxvanilla_icexx
